Applications Graphics Acceleration Info:
Uptime: 842211 Realtime: 842211

** Graphics info for pid 3703 [com.pocketengineer.app] **

Stats since: 838122666488ns
Total frames rendered: 219
Janky frames: 4 (1.83%)
Janky frames (legacy): 153 (69.86%)
50th percentile: 31ms
90th percentile: 32ms
95th percentile: 32ms
99th percentile: 44ms
Number Missed Vsync: 1
Number High input latency: 430
Number Slow UI thread: 1
Number Slow bitmap uploads: 0
Number Slow issue draw commands: 4
Number Frame deadline missed: 4
Number Frame deadline missed (legacy): 4
HISTOGRAM: 5ms=0 6ms=0 7ms=0 8ms=0 9ms=0 10ms=0 11ms=0 12ms=0 13ms=0 14ms=0 15ms=0 16ms=0 17ms=0 18ms=0 19ms=0 20ms=0 21ms=0 22ms=1 23ms=3 24ms=0 25ms=4 26ms=4 27ms=7 28ms=25 29ms=24 30ms=31 31ms=51 32ms=66 34ms=0 36ms=0 38ms=0 40ms=0 42ms=0 44ms=1 46ms=0 48ms=0 53ms=0 57ms=0 61ms=0 65ms=1 69ms=0 73ms=0 77ms=0 81ms=0 85ms=0 89ms=0 93ms=0 97ms=0 101ms=0 105ms=0 109ms=0 113ms=0 117ms=0 121ms=0 125ms=0 129ms=0 133ms=0 150ms=0 200ms=0 250ms=0 300ms=0 350ms=0 400ms=0 450ms=0 500ms=0 550ms=0 600ms=1 650ms=0 700ms=0 750ms=0 800ms=0 850ms=0 900ms=0 950ms=0 1000ms=0 1050ms=0 1100ms=0 1150ms=0 1200ms=0 1250ms=0 1300ms=0 1350ms=0 1400ms=0 1450ms=0 1500ms=0 1550ms=0 1600ms=0 1650ms=0 1700ms=0 1750ms=0 1800ms=0 1850ms=0 1900ms=0 1950ms=0 2000ms=0 2050ms=0 2100ms=0 2150ms=0 2200ms=0 2250ms=0 2300ms=0 2350ms=0 2400ms=0 2450ms=0 2500ms=0 2550ms=0 2600ms=0 2650ms=0 2700ms=0 2750ms=0 2800ms=0 2850ms=0 2900ms=0 2950ms=0 3000ms=0 3050ms=0 3100ms=0 3150ms=0 3200ms=0 3250ms=0 3300ms=0 3350ms=0 3400ms=0 3450ms=0 3500ms=0 3550ms=0 3600ms=0 3650ms=0 3700ms=0 3750ms=0 3800ms=0 3850ms=0 3900ms=0 3950ms=0 4000ms=0 4050ms=0 4100ms=0 4150ms=0 4200ms=0 4250ms=0 4300ms=0 4350ms=0 4400ms=0 4450ms=0 4500ms=0 4550ms=0 4600ms=0 4650ms=0 4700ms=0 4750ms=0 4800ms=0 4850ms=0 4900ms=0 4950ms=0
50th gpu percentile: 15ms
90th gpu percentile: 18ms
95th gpu percentile: 19ms
99th gpu percentile: 19ms
GPU HISTOGRAM: 1ms=0 2ms=0 3ms=0 4ms=0 5ms=1 6ms=2 7ms=3 8ms=1 9ms=3 10ms=2 11ms=5 12ms=8 13ms=12 14ms=43 15ms=38 16ms=19 17ms=34 18ms=37 19ms=11 20ms=0 21ms=0 22ms=0 23ms=0 24ms=0 25ms=0 4950ms=0

Pipeline=Skia (OpenGL)
Memory policy:
  Max surface area: 2073600
  Max resource usage: 99.53MB (x48)
  Background retention: 50% (altUiHidden = true)
  GPU Context timeout: 10
Contexts: 1 (stopped = 0)
CPU Caches:
  Glyph Cache: 7.32 KB (1 entry)
  Glyph Count: 2 
Total CPU memory usage:
  7497 bytes, 7.32 KB (0.00 bytes is purgeable)
GPU Caches:
  Other:
    Other: 0.00 bytes (1 entry)
  Image:
    Texture: 13.04 KB (1 entry)
  Scratch:
    RenderTarget: 15.69 MB (3 entries)
    Texture: 2.01 MB (3 entries)
    Buffer Object: 112.00 KB (3 entries)
Total GPU memory usage:
  18692312 bytes, 17.83 MB (17.78 MB is purgeable)

GraphicBufferAllocator buffers:
        Handle |        Size |     W (Stride) x H | Layers |   Format |      Usage | Requestor
0x7c5064bf8df0 |     unknown | 1080 (   0) x 1920 |      1 |        1 | 0x     b00 | VRI[MainActivity]#3(BLAST Consumer)3
0x7c5064c08960 |     unknown | 1080 (   0) x 1920 |      1 |        1 | 0x     b00 | VRI[MainActivity]#3(BLAST Consumer)3
0x7c5064c0a610 |     unknown | 1080 (   0) x 1920 |      1 |        1 | 0x     b00 | VRI[MainActivity]#3(BLAST Consumer)3
Total allocated by GraphicBufferAllocator (estimate): 0.00 KB
GoldfishAllocator::dumpDebugInfo is not implemented
Profile data in ms:

	com.pocketengineer.app/com.pocketengineer.app.MainActivity/android.view.ViewRootImpl@3f57a55 (visibility=0)
Window: com.pocketengineer.app/com.pocketengineer.app.MainActivity
Stats since: 838122665757ns
Total frames rendered: 219
Janky frames: 4 (1.83%)
Janky frames (legacy): 153 (69.86%)
50th percentile: 31ms
90th percentile: 32ms
95th percentile: 32ms
99th percentile: 44ms
Number Missed Vsync: 1
Number High input latency: 430
Number Slow UI thread: 1
Number Slow bitmap uploads: 0
Number Slow issue draw commands: 4
Number Frame deadline missed: 4
Number Frame deadline missed (legacy): 4
HISTOGRAM: 5ms=0 6ms=0 7ms=0 8ms=0 9ms=0 10ms=0 11ms=0 12ms=0 13ms=0 14ms=0 15ms=0 16ms=0 17ms=0 18ms=0 19ms=0 20ms=0 21ms=0 22ms=1 23ms=3 24ms=0 25ms=4 26ms=4 27ms=7 28ms=25 29ms=24 30ms=31 31ms=51 32ms=66 34ms=0 36ms=0 38ms=0 40ms=0 42ms=0 44ms=1 46ms=0 48ms=0 53ms=0 57ms=0 61ms=0 65ms=1 69ms=0 73ms=0 77ms=0 81ms=0 85ms=0 89ms=0 93ms=0 97ms=0 101ms=0 105ms=0 109ms=0 113ms=0 117ms=0 121ms=0 125ms=0 129ms=0 133ms=0 150ms=0 200ms=0 250ms=0 300ms=0 350ms=0 400ms=0 450ms=0 500ms=0 550ms=0 600ms=1 650ms=0 700ms=0 750ms=0 800ms=0 850ms=0 900ms=0 950ms=0 1000ms=0 1050ms=0 1100ms=0 1150ms=0 1200ms=0 1250ms=0 1300ms=0 1350ms=0 1400ms=0 1450ms=0 1500ms=0 1550ms=0 1600ms=0 1650ms=0 1700ms=0 1750ms=0 1800ms=0 1850ms=0 1900ms=0 1950ms=0 2000ms=0 2050ms=0 2100ms=0 2150ms=0 2200ms=0 2250ms=0 2300ms=0 2350ms=0 2400ms=0 2450ms=0 2500ms=0 2550ms=0 2600ms=0 2650ms=0 2700ms=0 2750ms=0 2800ms=0 2850ms=0 2900ms=0 2950ms=0 3000ms=0 3050ms=0 3100ms=0 3150ms=0 3200ms=0 3250ms=0 3300ms=0 3350ms=0 3400ms=0 3450ms=0 3500ms=0 3550ms=0 3600ms=0 3650ms=0 3700ms=0 3750ms=0 3800ms=0 3850ms=0 3900ms=0 3950ms=0 4000ms=0 4050ms=0 4100ms=0 4150ms=0 4200ms=0 4250ms=0 4300ms=0 4350ms=0 4400ms=0 4450ms=0 4500ms=0 4550ms=0 4600ms=0 4650ms=0 4700ms=0 4750ms=0 4800ms=0 4850ms=0 4900ms=0 4950ms=0
50th gpu percentile: 15ms
90th gpu percentile: 18ms
95th gpu percentile: 19ms
99th gpu percentile: 19ms
GPU HISTOGRAM: 1ms=0 2ms=0 3ms=0 4ms=0 5ms=1 6ms=2 7ms=3 8ms=1 9ms=3 10ms=2 11ms=5 12ms=8 13ms=12 14ms=43 15ms=38 16ms=19 17ms=34 18ms=37 19ms=11 20ms=0 21ms=0 22ms=0 23ms=0 24ms=0 25ms=0 4950ms=0



---PROFILEDATA---
Flags,FrameTimelineVsyncId,IntendedVsync,Vsync,InputEventId,HandleInputStart,AnimationStart,PerformTraversalsStart,DrawStart,FrameDeadline,FrameInterval,FrameStartTime,SyncQueued,SyncStart,IssueDrawCommandsStart,SwapBuffers,FrameCompleted,DequeueBufferDuration,QueueBufferDuration,GpuCompleted,SwapBuffersCompleted,DisplayPresentTime,CommandSubmissionCompleted,
0,95963,839801790222,839801790222,-504512548,839801953096,839802337305,839802969338,839802987506,839851790220,839801950770,16666666,839803109884,839804565109,839804595596,839817352945,839834807781,3628718,90952,839834807781,839821375826,0,839817352945,
0,95978,839818456888,839818456888,-1028027567,839818661964,839819081271,839819587338,839819613251,839868456886,839818660625,16666666,839819734190,839821418011,839821454834,839834514702,839851922510,5754620,92673,839851922510,839840628858,0,839834514702,
0,95993,839835123554,839835123554,-192977963,839835293064,839835585687,839835904978,839835926437,839885123552,839835290790,16666666,839836039943,839840663271,839840716281,839854387173,839868547664,4567,138884,839868547664,839854860911,0,839854387173,
0,96008,839851790220,839851790220,-445162189,839851990639,839852333537,839853201679,839853228100,839901790218,839851988423,16666666,839853340842,839854909158,839854943259,839868460843,839885220696,3690077,126153,839885220696,839872657307,0,839868460843,
0,96023,839868456886,839868456886,-460463120,839868618276,839868972709,839869765900,839869787692,839918456884,839868616172,16666666,839869912442,839872703122,839872739160,839885505159,839901890569,5559405,119340,839901890569,839891473540,0,839885505159,
0,96038,839885123552,839885123552,-797908881,839885270067,839885279489,839886098247,839886115975,839935123550,839885268618,16666666,839886249088,839891504232,839891533470,839904602844,839918534593,2337,175631,839918534593,839904992987,0,839904602844,
0,96053,839901790218,839901790218,0,839901944267,839901944776,839902876522,839902899907,839951790216,839901942480,16666666,839903060343,839905021196,839905060760,839919276347,839932445305,2138,81252,839932445305,839919602246,0,839919276347,
0,96068,839918456884,839918456884,-3518223,839918607210,839918949241,839919428216,839919449860,839968456882,839918605199,16666666,839919643157,839919656465,839919673480,839932133027,839950778103,4250752,104580,839950778103,839936782923,0,839932133027,
0,96083,839935123550,839935123550,-587244929,839935404870,839935910605,839936556334,839936591723,839985123548,839935401917,16666666,839937187645,839937215071,839937246114,839950409060,839968576771,4711767,126684,839968576771,839955570722,0,839950409060,
0,96098,839951790216,839951790216,-675657200,839951982546,839952458709,839952907948,839952935871,840001790214,839951979728,16666666,839953051240,839955628283,839955670929,839969865827,839984239087,2300,80877,839984239087,839970247583,0,839969865827,
0,96113,839968456882,839968456882,-843642034,839968658987,839969185888,839969935677,839969965598,840018456880,839968657332,16666666,839970079734,839970266993,839970288015,839983761178,840001902213,3403261,147962,840001902213,839987710561,0,839983761178,
0,96128,839985123548,839985123548,-1054292292,839985391458,839986191240,839986961151,839987023932,840035123546,839985388504,16666666,839987348302,839987747523,839987774173,840002024005,840018567822,3927978,117598,840018567822,840006789892,0,840002024005,
0,96143,840001790214,840001790214,-888198312,840006673872,840007275200,840007879672,840007904632,840051790212,840006669673,16666666,840008056456,840008078240,840008109182,840022871158,840035241433,3428,144142,840035241433,840023424272,0,840022871158,
0,96158,840018456880,840018456880,-584179919,840018698143,840019452107,840020209133,840020242545,840068456878,840018696419,16666666,840020392008,840023466767,840023494214,840037363398,840051884443,2457,125144,840051884443,840037872894,0,840037363398,
0,96173,840035123546,840035123546,-123485035,840035389524,840035932519,840036673141,840036698598,840085123544,840035386995,16666666,840036835675,840037905167,840037932734,840053065651,840068230379,3489,100927,840068230379,840053575737,0,840053065651,
0,96188,840051790212,840051790212,-1026125869,840051961967,840052613537,840052985888,840053009878,840101790210,840051960101,16666666,840053212311,840053608764,840053634808,840067860184,840085225564,3698975,91092,840085225564,840071983506,0,840067860184,
0,96203,840068456878,840068456878,-263441758,840068661289,840069212068,840070054456,840070077936,840118456876,840068659150,16666666,840070210531,840072049340,840072079426,840085938745,840101906802,5185058,100079,840101906802,840091645430,0,840085938745,
0,96218,840085123544,840085123544,-1039855641,840085300047,840085976418,840086626742,840086671854,840135123542,840085297661,16666666,840086827240,840091674618,840091704975,840105164914,840118631442,3999,271556,840118631442,840105899827,0,840105164914,
0,96233,840101790210,840101790210,-540017843,840101973730,840102323972,840103219927,840103246438,840151790208,840101971878,16666666,840103381286,840105940202,840105973020,840122522250,840135207732,2522,118771,840135207732,840122947270,0,840122522250,
0,96248,840118456876,840118456876,-902152339,840118689736,840119103757,840119643571,840119667488,840168456874,840118687342,16666666,840119794790,840122980758,840123002112,840137101978,840151482507,3564,215018,840151482507,840137747595,0,840137101978,
0,96263,840135123542,840135123542,-593233161,840135269962,840135600023,840136432772,840136455025,840185123540,840135267539,16666666,840136583227,840137791263,840137843863,840151042869,840168184330,3809143,172779,840168184330,840155341729,0,840151042869,
0,96278,840151790208,840151790208,-321339765,840152024220,840152385514,840152814148,840152840972,840201790206,840152022182,16666666,840152944615,840155375596,840155404295,840167871236,840185205455,5274614,94404,840185205455,840173541263,0,840167871236,
0,96293,840168456874,840168456874,-820722337,840173384846,840173895644,840174252787,840174288069,840218456872,840173382227,16666666,840174428283,840174452030,840174483490,840188665324,840201903619,2331,110040,840201903619,840189107336,0,840188665324,
0,96308,840185123540,840185123540,-862938373,840185407484,840185703745,840186202083,840186227102,840235123538,840185406502,16666666,840186433944,840189143308,840189169098,840204300792,840218548852,2835,157208,840218548852,840204793621,0,840204300792,
0,96323,840201790206,840201790206,-25462129,840202566098,840203298020,840203722616,840203752688,840251790204,840202564060,16666666,840203902818,840204955320,840205006046,840220026519,840235263753,3587,118095,840235263753,840220517529,0,840220026519,
0,96338,840218456872,840218456872,-950780347,840218607829,840219041469,840220709872,840220741650,840268456870,840218605134,16666666,840220946684,840220992347,840221040379,840236520945,840251285097,4526,165366,840251285097,840236961304,0,840236520945,
0,96353,840235123538,840235123538,-166611206,840235422339,840235430347,840235997689,840236053186,840285123536,840235420820,16666666,840236281471,840236990526,840237019455,840250967858,840268568102,5386505,97992,840268568102,840256760690,0,840250967858,
0,96368,840251790204,840251790204,0,840251968924,840251969612,840252545168,840252567821,840301790202,840251966794,16666666,840252681030,840256826006,840256874696,840271946388,840285234922,3231,150748,840285234922,840272435188,0,840271946388,
0,96383,840268456870,840268456870,-252823064,840268904808,840269312246,840270682487,840270758786,840318456868,840268903318,16666666,840270977090,840272475897,840272504419,840287928949,840301914908,3362,228213,840301914908,840288586901,0,840287928949,
0,96398,840285123536,840285123536,-555891671,840285302893,840286111846,840287023623,840287059303,840335123534,840285300649,16666666,840287209304,840288620292,840288647185,840302569356,840318334516,95603,127696,840318334516,840303294691,0,840302569356,
0,96413,840301790202,840301790202,-1789766,840303192553,840303569951,840304139002,840304182257,840351790200,840303186868,16666666,840304368106,840304396209,840304435994,840317951215,840335233288,4373975,108228,840335233288,840322785970,0,840317951215,
0,96428,840318456868,840318456868,-761518916,840318619477,840319185486,840320320004,840320372145,840368456866,840318617051,16666666,840320559910,840322842983,840322875261,840337136835,840351059393,2942,101557,840351059393,840337555632,0,840337136835,
0,96443,840335123534,840335123534,-519201932,840335329660,840335649770,840336534294,840336557242,840385123532,840335327578,16666666,840336666057,840337587899,840337613715,840350699158,840368565037,4221194,118097,840368565037,840355357183,0,840350699158,
0,96458,840351790200,840351790200,-416665924,840351955493,840352389469,840353187429,840353215141,840401790198,840351953808,16666666,840353356585,840355410440,840355444419,840368673304,840385214762,4131575,119025,840385214762,840373255056,0,840368673304,
0,96473,840368456866,840368456866,-807043746,840368659296,840369077116,840369894284,840369923966,840418456864,840368657393,16666666,840370043272,840373300780,840373344041,840387511444,840401461245,3441,117410,840401461245,840388046690,0,840387511444,
0,96488,840385123532,840385123532,-192657139,840385330400,840385754563,840387021156,840387069429,840435123530,840385328193,16666666,840387201902,840388079653,840388104884,840401135276,840418552275,3937896,93884,840418552275,840405455292,0,840401135276,
0,96503,840401790198,840401790198,-896629470,840401985508,840402385423,840403101753,840403124743,840451790196,840401983876,16666666,840403236847,840405492779,840405524623,840418877664,840435250659,4043040,107713,840435250659,840423330511,0,840418877664,
0,96518,840418456864,840418456864,-748698233,840418700386,840419073428,840419509492,840419534797,840468456862,840418699467,16666666,840419648368,840423382358,840423416918,840437613120,840451263190,2589,126887,840451263190,840438001244,0,840437613120,
0,96533,840435123530,840435123530,-958779775,840435296763,840436061934,840436786625,840436830196,840485123528,840435294728,16666666,840436992380,840438033186,840438078719,840450950939,840468543519,4779676,86946,840468543519,840456122334,0,840450950939,
0,96548,840451790196,840451790196,-745953079,840451983451,840452387036,840453119404,840453144386,840501790194,840451981926,16666666,840453280261,840456175874,840456216930,840468628773,840485222341,6370966,106405,840485222341,840475409693,0,840468628773,
0,96563,840468456862,840468456862,-245113300,840468638132,840469018897,840469352963,840469372477,840518456860,840468636404,16666666,840469479583,840475457540,840475494345,840488822316,840501940517,2240,198393,840501940517,840489307190,0,840488822316,
0,96578,840485123528,840485123528,-785234582,840485283914,840485636122,840486535788,840486562068,840535123526,840485281874,16666666,840486685110,840489339833,840489362175,840502860490,840518495135,8662,200671,840518495135,840503455791,0,840502860490,
0,96593,840501790194,840501790194,-965288622,840501950958,840502282380,840502747210,840502771285,840551790192,840501948775,16666666,840502899620,840503484404,840503512262,840517983891,840535218099,3866076,118553,840535218099,840522432116,0,840517983891,
0,96608,840518456860,840518456860,-400067962,840518672501,840519228947,840520044583,840520095363,840568456858,840518669826,16666666,840520233390,840522471974,840522503272,840536185614,840551922872,31940,285042,840551922872,840536925010,0,840536185614,
0,96623,840535123526,840535123526,-896386071,840535288421,840535751455,840537133653,840537171936,840585123524,840535285673,16666666,840537340782,840537368173,840537400396,840552180844,840568553722,3764079,124757,840568553722,840556597738,0,840552180844,
0,96638,840551790192,840551790192,-792383906,840551956512,840552349724,840552969225,840553001518,840601790190,840551954031,16666666,840553134710,840556644931,840556682648,840570672324,840585250790,4100,134233,840585250790,840571153049,0,840570672324,
0,96653,840568456858,840568456858,-361537910,840568638031,840569079660,840569839286,840569861957,840618456856,840568636519,16666666,840569966254,840571184416,840571209880,840584853326,840601901084,3975371,125139,840601901084,840589312487,0,840584853326,
0,96668,840585123524,840585123524,-860508384,840585330374,840585346089,840586147760,840586182713,840635123522,840585326379,16666666,840586304758,840589369544,840589417745,840604081337,840618570554,3022,206522,840618570554,840604537306,0,840604081337,
0,96683,840601790190,840601790190,0,840601964058,840601964619,840602528893,840602554260,840651790188,840601962151,16666666,840602673793,840604562604,840604587086,840618553567,840635219549,3993106,169444,840635219549,840623126779,0,840618553567,
0,96698,840618456856,840618456856,-113130177,840618638233,840618957090,840623403840,840623463025,840668456854,840618636364,16666666,840623655815,840623680296,840623706040,840638874590,840651894698,2681,207686,840651894698,840639473304,0,840638874590,
0,96713,840635123522,840635123522,-652323919,840635305662,840635679669,840636750938,840636784395,840685123520,840635303326,16666666,840636928665,840639512183,840639537261,840652975633,840668533005,3176,104506,840668533005,840653341241,0,840652975633,
0,96728,840651790188,840651790188,-667867563,840651970938,840652394361,840653028625,840653046909,840701790186,840651968721,16666666,840653148396,840653363584,840653383636,840668288284,840685202530,5967496,120712,840685202530,840674692116,0,840668288284,
0,96743,840668456854,840668456854,-894395175,840668602210,840668923891,840669443689,840669473113,840718456852,840668600182,16666666,840669579670,840674726298,840674772776,840691304716,840701910714,5676,290043,840701910714,840692053460,0,840691304716,
0,96758,840685123520,840685123520,-672683947,840685314459,840685719134,840686640760,840686676405,840735123518,840685312086,16666666,840686873613,840692116175,840692163244,840706237565,840718680657,3586,246099,840718680657,840706835971,0,840706237565,
0,96773,840701790186,840701790186,-852312537,840702118335,840702669287,840703876088,840703928246,840751790184,840702116717,16666666,840704147192,840706874602,840706906818,840721340718,840735211937,4727,305445,840735211937,840722003771,0,840721340718,
0,96788,840718456852,840718456852,-651577915,840718635578,840719166692,840720053500,840720079487,840768456850,840718633617,16666666,840720277188,840722053902,840722110681,840736384683,840751673628,3780,132267,840751673628,840736843812,0,840736384683,
0,96803,840735123518,840735123518,-472365557,840735287986,840736501847,840737011086,840737059901,840785123516,840735285398,16666666,840737228406,840737249550,840737287585,840751208555,840768562031,4292728,199735,840768562031,840756101516,0,840751208555,
0,96818,840751790184,840751790184,-799549282,840755925594,840756795148,840757242915,840757274260,840801790182,840755920416,16666666,840757426003,840757449477,840757490654,840772742331,840785225417,2936,115094,840785225417,840773134653,0,840772742331,
0,96833,840768456850,840768456850,-539906818,840768673431,840769335168,840769762524,840769792154,840818456848,840768672102,16666666,840769982129,840773167026,840773188606,840787846655,840801886860,2670,109847,840801886860,840788334859,0,840787846655,
0,96848,840785123516,840785123516,-351532154,840785335187,840785831943,840787186356,840787236935,840835123514,840785333136,16666666,840787456887,840788372815,840788402489,840802181625,840818568852,6557903,107256,840818568852,840809259819,0,840802181625,
0,96863,840801790182,840801790182,-922933016,840801936270,840802285770,840803243270,840803276263,840851790180,840801934153,16666666,840803424662,840809290558,840809332633,840823183181,840835249117,2479,115176,840835249117,840823673361,0,840823183181,
0,96878,840818456848,840818456848,-300573699,840818623188,840819064759,840819788914,840819831088,840868456846,840818620655,16666666,840819987202,840823705842,840823727971,840838461587,840851905686,2575,125588,840851905686,840838920633,0,840838461587,
0,96893,840835123514,840835123514,-990526311,840835359220,840835969045,840836436624,840836467412,840885123512,840835356064,16666666,840836620225,840838957505,840838990577,840853439272,840868542870,3395,130980,840868542870,840854061433,0,840853439272,
0,96908,840851790180,840851790180,-226844056,840851978944,840852337241,840853423410,840853458679,840901790178,840851976316,16666666,840854132751,840854157214,840854192218,840871012111,840884918589,2823,110900,840884918589,840871439944,0,840871012111,
0,96923,840868456846,840868456846,-195350385,840868618785,840869007599,840869414898,840869436709,840918456844,840868616524,16666666,840869835979,840871502966,840871547068,840884579972,840901904809,6236143,134579,840901904809,840891210479,0,840884579972,
0,96938,840885123512,840885123512,-300646895,840885292751,840885685016,840886404614,840886435163,840935123510,840885289891,16666666,840886588890,840891240305,840891269470,840904341540,840918577007,2896,102034,840918577007,840904711915,0,840904341540,
0,96953,840901790178,840901790178,-129766838,840902053056,840902437794,840902926362,840902952742,840951790176,840902051301,16666666,840903057925,840904749213,840904773279,840918345934,840935217301,3940661,153258,840935217301,840922835866,0,840918345934,
0,96968,840918456844,840918456844,-705078478,840918885278,840919288016,840919773933,840919818148,840968456842,840918883512,16666666,840919965587,840922912834,840922956274,840936541405,840951615628,2919,113347,840951615628,840937045073,0,840936541405,
0,96983,840935123510,840935123510,-284588074,840935277344,840935286297,840936268783,840936309491,840985123508,840935275285,16666666,840936513242,840937074248,840937100855,840951254553,840968558732,4612966,113391,840968558732,840956302270,0,840951254553,
0,96998,840951790176,840951790176,0,840951974173,840951974714,840952877377,840952928600,841001790174,840951972083,16666666,840953085931,840956350320,840956389717,840970300601,840985225320,3619,177818,840985225320,840970968624,0,840970300601,
0,97013,840968456842,840968456842,-341203393,840968661550,840969168817,840969732595,840969780115,841018456840,840968660038,16666666,840969976018,840971030359,840971084698,840984681466,841001896472,4748550,191317,841001896472,840990094849,0,840984681466,
0,97028,840985123508,840985123508,-363587401,840985378836,840985772986,840986457604,840986494217,841035123506,840985377169,16666666,840986643530,840990149467,840990189756,841004379472,841018555000,6573,237192,841018555000,841005331727,0,841004379472,
0,97043,841001790174,841001790174,-71257893,841002132039,841002572947,841003155027,841003186219,841051790172,841002130640,16666666,841003750056,841005406062,841005450931,841020288987,841035236351,3906,204413,841035236351,841021140891,0,841020288987,
0,97058,841018456840,841018456840,-7297080,841018654164,841019243427,841019672862,841019838864,841068456838,841018652442,16666666,841020046544,841021197944,841021237558,841038293181,841051910254,2216,137534,841051910254,841038956288,0,841038293181,
0,97073,841035123506,841035123506,-1070960414,841035313925,841035933838,841037094553,841037138861,841085123504,841035312200,16666666,841037345856,841038987882,841039012025,841054609684,841068605817,3605,276309,841068605817,841055471469,0,841054609684,
0,97088,841051790172,841051790172,-730974968,841051989423,841052542797,841053451579,841053483233,841101790170,841051986884,16666666,841053624922,841055537751,841055584962,841070503248,841085233454,4742,169866,841085233454,841071109640,0,841070503248,
0,97103,841068456838,841068456838,-739309389,841068880608,841069543138,841070437017,841070472442,841118456836,841068877945,16666666,841070617775,841071145438,841071174400,841088975381,841101911109,3669,163612,841101911109,841089492406,0,841088975381,
0,97118,841085123504,841085123504,-84150346,841085356704,841085965593,841087296486,841087354913,841135123502,841085354120,16666666,841087537230,841089552843,841089589896,841105414439,841118602974,3046,164654,841118602974,841105983028,0,841105414439,
0,97133,841101790170,841101790170,-604653422,841103255267,841103938400,841104505678,841104559446,841151790168,841103251837,16666666,841104737312,841106027944,841106083825,841121664126,841135232228,2713,165340,841135232228,841122209407,0,841121664126,
0,97148,841118456836,841118456836,-888103584,841118725131,841119198071,841120523485,841120552367,841168456834,841118722391,16666666,841120737333,841122245973,841122269306,841138252852,841151902003,5145,183206,841151902003,841139006238,0,841138252852,
0,97163,841135123502,841135123502,-833945575,841135312704,841135813131,841136442281,841136480528,841185123500,841135310489,16666666,841137126637,841139053907,841139118493,841153153458,841167346033,2404,86926,841167346033,841153636282,0,841153153458,
0,97178,841151790168,841151790168,-444059385,841151993204,841152507830,841153198471,841153234945,841201790166,841151991128,16666666,841153373633,841153664396,841153694030,841167028383,841185216149,4219828,98991,841185216149,841171626586,0,841167028383,
0,97193,841168456834,841168456834,-243112665,841168696470,841169304311,841169770525,841169811923,841218456832,841168692880,16666666,841169943395,841171660154,841171695120,841185783103,841201924649,7222240,181351,841201924649,841193506411,0,841185783103,
0,97208,841185123500,841185123500,-743972920,841185360119,841185725930,841186127762,841186156519,841235123498,841185358821,16666666,841186493734,841193551812,841193594307,841207394069,841218546464,2741,114056,841218546464,841207826689,0,841207394069,
0,97223,841201790166,841201790166,0,841201999757,841202037001,841202510829,841202534996,841251790164,841201998466,16666666,841202632286,841207860931,841207883497,841221769241,841235302010,4228,368651,841235302010,841222604519,0,841221769241,
0,97238,841218456832,841218456832,-103035809,841218614518,841219444240,841220187962,841220219736,841268456830,841218612259,16666666,841220758278,841222677135,841222728437,841237962617,841251908009,3293,238116,841251908009,841238535047,0,841237962617,
0,97253,841235123498,841235123498,-299761951,841235472338,841235947700,841236917939,841236954724,841285123496,841235470852,16666666,841237121262,841238581640,841238608661,841253310490,841268561825,131506,291050,841268561825,841254234702,0,841253310490,
0,97268,841251790164,841251790164,-740365950,841251984913,841252509909,841254322915,841254360526,841301790162,841251981994,16666666,841254488193,841254532470,841254570865,841269236462,841285270341,5643187,230821,841285270341,841275467313,0,841269236462,
0,97283,841268456830,841268456830,-1055850258,841268665608,841269101123,841269892940,841269919323,841318456828,841268664181,16666666,841270054062,841275494152,841275528106,841289245650,841301922346,3614,133045,841301922346,841289690933,0,841289245650,
0,97298,841285123496,841285123496,-854615904,841285362766,841285868224,841286589621,841286620598,841335123494,841285360305,16666666,841286767941,841289736566,841289763342,841304738071,841318641140,3638,125564,841318641140,841305227484,0,841304738071,
0,97313,841301790162,841301790162,-930208679,841302002753,841302031623,841302660471,841302682421,841351790160,841302000097,16666666,841302787541,841305268418,841305298641,841318614617,841335226382,3496813,212629,841335226382,841322743657,0,841318614617,
0,97328,841318456828,841318456828,0,841318884841,841318885025,841320184489,841320225335,841368456826,841318882414,16666666,841320385218,841322792571,841322844570,841338299573,841351891810,4384,125184,841351891810,841338743483,0,841338299573,
0,97343,841335123494,841335123494,-52880261,841335313108,841335936096,841336647681,841336690300,841385123492,841335310399,16666666,841336879392,841338791858,841338831911,841353286339,841368562310,4265,168637,841368562310,841353900386,0,841353286339,
0,97358,841351790160,841351790160,-354686587,841352105632,841352424780,841353072122,841353126301,841401790158,841352104200,16666666,841353311782,841353938000,841353971600,841369721933,841385233757,3331,99454,841385233757,841370205728,0,841369721933,
0,97373,841368456826,841368456826,-463035418,841368865483,841369226426,841369783631,841369832492,841418456824,841368863674,16666666,841370010948,841370233793,841370264970,841387323298,841401895121,3245,141820,841401895121,841388384709,0,841387323298,
0,97388,841385123492,841385123492,-801506229,841385311343,841385712436,841386262908,841386293522,841435123490,841385308646,16666666,841386418472,841388429918,841388462791,841402504517,841418561057,6263060,122673,841418561057,841409394631,0,841402504517,
0,97403,841401790158,841401790158,-1003421164,841403154992,841403450758,841403843373,841403869939,841451790156,841403153305,16666666,841403996854,841409437183,841409475719,841424350438,841435297027,3576,145062,841435297027,841424806013,0,841424350438,
0,97418,841418456824,841418456824,-183987875,841418706682,841419230526,841419679807,841419712919,841468456822,841418705484,16666666,841419875344,841424845342,841424893134,841439611059,841451878171,4379,323667,841451878171,841440357339,0,841439611059,
0,97433,841435123490,841435123490,-6111549,841435300468,841435777187,841436278336,841436304513,841485123488,841435298185,16666666,841436435402,841440414887,841440462310,841455064848,841468538833,2650,192648,841468538833,841455549691,0,841455064848,
0,97448,841451790156,841451790156,-737082971,841452044532,841452455451,841453217663,841453239367,841501790154,841452042959,16666666,841453345628,841455587699,841455612016,841468955709,841485219934,5345422,172004,841485219934,841474727998,0,841468955709,
0,97463,841468456822,841468456822,-228295559,841474662797,841475085821,841475770297,841475811333,841518456820,841474660214,16666666,841475932055,841475951997,841475976041,841490811546,841501926304,4011,174801,841501926304,841491447528,0,841490811546,
0,97478,841485123488,841485123488,-436845383,841485287034,841485901828,841487052083,841487084933,841535123486,841485284595,16666666,841487245393,841491491449,841491528350,841504813945,841518604414,2372,155340,841518604414,841505246066,0,841504813945,
0,97493,841501790154,841501790154,-317811872,841502042896,841502419091,841502854439,841502875841,841551790152,841502041358,16666666,841503042410,841505288688,841505314669,841519463420,841533852258,14701,167412,841533852258,841519946555,0,841519463420,
0,97508,841518456820,841518456820,-1033392167,841518651840,841519026406,841519627259,841519667059,841568456818,841518649443,16666666,841519809642,841519974941,841519998101,841533042850,841551204561,3584601,456939,841551204561,841537503131,0,841533042850,
0,97523,841535123486,841535123486,-350473266,841535333746,841535823430,841536293419,841536322763,841585123484,841535331253,16666666,841536450288,841537532303,841537558522,841550851932,841568554333,4562242,116644,841568554333,841555860148,0,841550851932,
0,97538,841551790152,841551790152,-788015385,841551979640,841552442027,841552783747,841552826773,841601790150,841551977321,16666666,841552959950,841555913984,841555969765,841569248390,841584497223,21666,139983,841584497223,841569675448,0,841569248390,
0,97553,841568456818,841568456818,-330227256,841569415643,841569741897,841570241144,841570259614,841618456816,841569413798,16666666,841570355727,841570372453,841570392982,841584120788,841601712571,4087048,104734,841601712571,841588650080,0,841584120788,
0,97568,841585123484,841585123484,-921458316,841585385209,841586240826,841586659194,841586701358,841635123482,841585382405,16666666,841586854817,841588700326,841588735119,841601394901,841618543343,4100441,95766,841618543343,841605871463,0,841601394901,
0,97583,841601790150,841601790150,-984274560,841602037643,841602431500,841602841598,841602871218,841651790148,841602035174,16666666,841602989460,841605936267,841605974601,841620477837,841634739026,2922,208153,841634739026,841620977851,0,841620477837,
0,97598,841618456816,841618456816,-150783071,841618622569,841618997159,841619363945,841619387267,841668456814,841618620226,16666666,841619501515,841621014336,841621041368,841634363532,841651928537,4881654,144464,841651928537,841639683813,0,841634363532,
0,97613,841635123482,841635123482,-34898011,841635334328,841635865335,841636267339,841636293323,841685123480,841635330876,16666666,841636432913,841639718857,841639749884,841653185559,841668534144,2205,77454,841668534144,841653473579,0,841653185559,
0,97628,841651790148,841651790148,-872242171,841652075933,841652085107,841653053025,841653075254,841701790146,841652073413,16666666,841653168165,841653497424,841653518331,841668325927,841685267559,5405615,153851,841685267559,841674214104,0,841668325927,
0,97643,841668456814,841668456814,0,841668596054,841668597313,841669200899,841669228712,841718456812,841668593123,16666666,841669349475,841674251084,841674304776,841688236755,841701878881,2288,162157,841701878881,841688649858,0,841688236755,
0,97658,841685123480,841685123480,0,841685317626,841685318340,841686477564,841686513809,841735123478,841685315224,16666666,841686673952,841688683631,841688702529,841702322207,841717048844,36561,86477,841717048844,841702887161,0,841702322207,
0,97673,841701790146,841701790146,0,841701942152,841701942954,841702505140,841702531261,841751790144,841701939855,16666666,841702632835,841702918947,841702935333,841716675476,841735197593,5567050,108570,841735197593,841722680947,0,841716675476,
0,97688,841718456812,841718456812,0,841718677075,841718677687,841719491594,841719528205,841768456810,841718674147,16666666,841719681060,841722720041,841722754077,841735715124,841751937560,5997911,144914,841751937560,841742192939,0,841735715124,
0,97703,841735123478,841735123478,0,841735290029,841735290703,841736421418,841736450102,841785123476,841735287615,16666666,841736583887,841742226389,841742313385,841756912286,841768533098,2176,102395,841768533098,841757279831,0,841756912286,
0,97718,841751790144,841751790144,0,841752035512,841752036014,841753185738,841753229816,841801790142,841752033114,16666666,841753407273,841757312732,841757343233,842370590950,842385303751,3855,149585,842385303751,842371232529,0,842370590950,
0,97733,841768456810,841768456810,0,841768617676,841768617935,841769057672,841769075879,842418456784,841768616134,16666666,841769230023,842371283552,842371326895,842386698816,842401774210,3645,109638,842401774210,842387260438,0,842386698816,
0,97747,841785123476,842368456786,0,842371763438,842371763850,842372448587,842372475310,841801790142,842371646854,16666666,842372623151,842387305061,842387355008,842401346190,839817684462,4419532,136620,839817684462,842406314734,0,842401346190,
---PROFILEDATA---


View hierarchy:

  com.pocketengineer.app/com.pocketengineer.app.MainActivity/android.view.ViewRootImpl@3f57a55
  7 views, 15.56 kB of render nodes


Total ViewRootImpl   : 1
Total attached Views : 7
Total RenderNode     : 15.56 kB (used) / 51.12 kB (capacity)

