Applications Graphics Acceleration Info:
Uptime: 168073 Realtime: 168073

** Graphics info for pid 2849 [com.pocketengineer.app] **

Stats since: 158874311792ns
Total frames rendered: 215
Janky frames: 186 (86.51%)
Janky frames (legacy): 215 (100.00%)
50th percentile: 81ms
90th percentile: 97ms
95th percentile: 105ms
99th percentile: 117ms
Number Missed Vsync: 161
Number High input latency: 58
Number Slow UI thread: 134
Number Slow bitmap uploads: 1
Number Slow issue draw commands: 186
Number Frame deadline missed: 186
Number Frame deadline missed (legacy): 186
HISTOGRAM: 5ms=0 6ms=0 7ms=0 8ms=0 9ms=0 10ms=0 11ms=0 12ms=0 13ms=0 14ms=0 15ms=0 16ms=0 17ms=0 18ms=0 19ms=0 20ms=0 21ms=0 22ms=0 23ms=0 24ms=0 25ms=0 26ms=0 27ms=0 28ms=0 29ms=0 30ms=0 31ms=0 32ms=1 34ms=0 36ms=1 38ms=0 40ms=2 42ms=1 44ms=0 46ms=2 48ms=6 53ms=2 57ms=6 61ms=8 65ms=16 69ms=19 73ms=16 77ms=22 81ms=33 85ms=26 89ms=10 93ms=14 97ms=12 101ms=6 105ms=4 109ms=5 113ms=0 117ms=1 121ms=0 125ms=0 129ms=0 133ms=0 150ms=2 200ms=0 250ms=0 300ms=0 350ms=0 400ms=0 450ms=0 500ms=0 550ms=0 600ms=0 650ms=0 700ms=0 750ms=0 800ms=0 850ms=0 900ms=0 950ms=0 1000ms=0 1050ms=0 1100ms=0 1150ms=0 1200ms=0 1250ms=0 1300ms=0 1350ms=0 1400ms=0 1450ms=0 1500ms=0 1550ms=0 1600ms=0 1650ms=0 1700ms=0 1750ms=0 1800ms=0 1850ms=0 1900ms=0 1950ms=0 2000ms=0 2050ms=0 2100ms=0 2150ms=0 2200ms=0 2250ms=0 2300ms=0 2350ms=0 2400ms=0 2450ms=0 2500ms=0 2550ms=0 2600ms=0 2650ms=0 2700ms=0 2750ms=0 2800ms=0 2850ms=0 2900ms=0 2950ms=0 3000ms=0 3050ms=0 3100ms=0 3150ms=0 3200ms=0 3250ms=0 3300ms=0 3350ms=0 3400ms=0 3450ms=0 3500ms=0 3550ms=0 3600ms=0 3650ms=0 3700ms=0 3750ms=0 3800ms=0 3850ms=0 3900ms=0 3950ms=0 4000ms=0 4050ms=0 4100ms=0 4150ms=0 4200ms=0 4250ms=0 4300ms=0 4350ms=0 4400ms=0 4450ms=0 4500ms=0 4550ms=0 4600ms=0 4650ms=0 4700ms=0 4750ms=0 4800ms=0 4850ms=0 4900ms=0 4950ms=0
50th gpu percentile: 15ms
90th gpu percentile: 4950ms
95th gpu percentile: 4950ms
99th gpu percentile: 4950ms
GPU HISTOGRAM: 1ms=0 2ms=0 3ms=1 4ms=1 5ms=1 6ms=1 7ms=3 8ms=4 9ms=19 10ms=18 11ms=19 12ms=18 13ms=9 14ms=11 15ms=6 16ms=9 17ms=8 18ms=9 19ms=10 20ms=8 21ms=4 22ms=11 23ms=6 24ms=4 25ms=7 4950ms=28

Pipeline=Skia (OpenGL)
Memory policy:
  Max surface area: 2073600
  Max resource usage: 99.53MB (x48)
  Background retention: 50% (altUiHidden = true)
  GPU Context timeout: 10
Contexts: 1 (stopped = 0)
CPU Caches:
  Glyph Cache: 7.32 KB (1 entry)
  Glyph Count: 2 
Total CPU memory usage:
  7497 bytes, 7.32 KB (0.00 bytes is purgeable)
GPU Caches:
  Other:
    Other: 0.00 bytes (1 entry)
  Image:
    Texture: 13.04 KB (1 entry)
  Scratch:
    Texture: 2.00 MB (2 entries)
    Buffer Object: 80.00 KB (2 entries)
Total GPU memory usage:
  2192556 bytes, 2.09 MB (2.04 MB is purgeable)

GraphicBufferAllocator buffers:
        Handle |        Size |     W (Stride) x H | Layers |   Format |      Usage | Requestor
0x767f84686bc0 |     unknown | 1080 (   0) x 1920 |      1 |        1 | 0x     b00 | VRI[MainActivity]#3(BLAST Consumer)3
0x767f84688360 |     unknown | 1080 (   0) x 1920 |      1 |        1 | 0x     b00 | VRI[MainActivity]#3(BLAST Consumer)3
0x767f84689680 |     unknown | 1080 (   0) x 1920 |      1 |        1 | 0x     b00 | VRI[MainActivity]#3(BLAST Consumer)3
Total allocated by GraphicBufferAllocator (estimate): 0.00 KB
GoldfishAllocator::dumpDebugInfo is not implemented
Profile data in ms:

	com.pocketengineer.app/com.pocketengineer.app.MainActivity/android.view.ViewRootImpl@6a1c97c (visibility=0)
Window: com.pocketengineer.app/com.pocketengineer.app.MainActivity
Stats since: 158874311591ns
Total frames rendered: 215
Janky frames: 186 (86.51%)
Janky frames (legacy): 215 (100.00%)
50th percentile: 81ms
90th percentile: 97ms
95th percentile: 105ms
99th percentile: 117ms
Number Missed Vsync: 161
Number High input latency: 58
Number Slow UI thread: 134
Number Slow bitmap uploads: 1
Number Slow issue draw commands: 186
Number Frame deadline missed: 186
Number Frame deadline missed (legacy): 186
HISTOGRAM: 5ms=0 6ms=0 7ms=0 8ms=0 9ms=0 10ms=0 11ms=0 12ms=0 13ms=0 14ms=0 15ms=0 16ms=0 17ms=0 18ms=0 19ms=0 20ms=0 21ms=0 22ms=0 23ms=0 24ms=0 25ms=0 26ms=0 27ms=0 28ms=0 29ms=0 30ms=0 31ms=0 32ms=1 34ms=0 36ms=1 38ms=0 40ms=2 42ms=1 44ms=0 46ms=2 48ms=6 53ms=2 57ms=6 61ms=8 65ms=16 69ms=19 73ms=16 77ms=22 81ms=33 85ms=26 89ms=10 93ms=14 97ms=12 101ms=6 105ms=4 109ms=5 113ms=0 117ms=1 121ms=0 125ms=0 129ms=0 133ms=0 150ms=2 200ms=0 250ms=0 300ms=0 350ms=0 400ms=0 450ms=0 500ms=0 550ms=0 600ms=0 650ms=0 700ms=0 750ms=0 800ms=0 850ms=0 900ms=0 950ms=0 1000ms=0 1050ms=0 1100ms=0 1150ms=0 1200ms=0 1250ms=0 1300ms=0 1350ms=0 1400ms=0 1450ms=0 1500ms=0 1550ms=0 1600ms=0 1650ms=0 1700ms=0 1750ms=0 1800ms=0 1850ms=0 1900ms=0 1950ms=0 2000ms=0 2050ms=0 2100ms=0 2150ms=0 2200ms=0 2250ms=0 2300ms=0 2350ms=0 2400ms=0 2450ms=0 2500ms=0 2550ms=0 2600ms=0 2650ms=0 2700ms=0 2750ms=0 2800ms=0 2850ms=0 2900ms=0 2950ms=0 3000ms=0 3050ms=0 3100ms=0 3150ms=0 3200ms=0 3250ms=0 3300ms=0 3350ms=0 3400ms=0 3450ms=0 3500ms=0 3550ms=0 3600ms=0 3650ms=0 3700ms=0 3750ms=0 3800ms=0 3850ms=0 3900ms=0 3950ms=0 4000ms=0 4050ms=0 4100ms=0 4150ms=0 4200ms=0 4250ms=0 4300ms=0 4350ms=0 4400ms=0 4450ms=0 4500ms=0 4550ms=0 4600ms=0 4650ms=0 4700ms=0 4750ms=0 4800ms=0 4850ms=0 4900ms=0 4950ms=0
50th gpu percentile: 15ms
90th gpu percentile: 4950ms
95th gpu percentile: 4950ms
99th gpu percentile: 4950ms
GPU HISTOGRAM: 1ms=0 2ms=0 3ms=1 4ms=1 5ms=1 6ms=1 7ms=3 8ms=4 9ms=19 10ms=18 11ms=19 12ms=18 13ms=9 14ms=11 15ms=6 16ms=9 17ms=8 18ms=9 19ms=10 20ms=8 21ms=4 22ms=11 23ms=6 24ms=4 25ms=7 4950ms=28



---PROFILEDATA---
Flags,FrameTimelineVsyncId,IntendedVsync,Vsync,InputEventId,HandleInputStart,AnimationStart,PerformTraversalsStart,DrawStart,FrameDeadline,FrameInterval,FrameStartTime,SyncQueued,SyncStart,IssueDrawCommandsStart,SwapBuffers,FrameCompleted,DequeueBufferDuration,QueueBufferDuration,GpuCompleted,SwapBuffersCompleted,DisplayPresentTime,CommandSubmissionCompleted,
0,18640,162858891702,162875558368,-375508642,162884071404,162885066660,162885536887,162885560070,162942225032,162884069721,16666666,162885752669,162921030689,162921076865,162957132370,162975713888,2465,261207,162975713888,162966718387,0,162957132370,
0,18648,162892225034,162908891700,-526708506,162923868076,162924465570,162925848379,162925906888,163008891696,162923866393,16666666,162926014519,162966760405,162967358912,162999697771,163009099328,2605,263992,163009099328,163005544785,0,162999697771,
0,18656,162925558366,162958891698,-108424485,162967051308,162972165305,162974676338,162974696445,163042225028,162967049575,16666666,162974846325,163005587114,163005632939,163040293349,163059076566,2345,263932,163059076566,163047561273,0,163040293349,
0,18664,162975558364,162992225030,-1034397220,163008241699,163015576683,163017746960,163017774061,163092225026,163008239585,16666666,163017911547,163047603993,163047637345,163078639781,163087218590,2665,298847,163087152196,163087218590,0,163078639781,
0,18672,163008891696,163042225028,-942297539,163050300399,163050986068,163051738721,163051766804,163108891692,163050298616,16666666,163051892148,163087265006,163087320229,163122640628,163142398387,2305,132277,163142398387,163132284653,0,163122640628,
0,18680,163058891694,163075558360,-937168183,163087766720,163088469691,163106098849,163106125299,163175558356,163087764786,16666666,163106263686,163132328004,163132357128,163169125908,163193503670,2234,249004,163193503670,163183653341,0,163169125908,
0,18688,163092225026,163125558358,-517617074,163135739534,163135744073,163137104310,163137132262,163225558354,163135737230,16666666,163137370456,163183704717,163186298915,163211393115,163222769040,2355,174906,163222709790,163222769040,0,163211393115,
0,18720,163225558354,163225558354,-219212351,163226023620,163226357232,163227490696,163227520782,163242225020,163226021286,16666666,163227643260,163227658829,163227686972,163254040278,163263024623,2494,267579,163262962017,163263024623,0,163254040278,
0,18734,163258891686,163258891686,-767231548,163259100460,163259412161,163263024017,163263051298,163292225018,163259098517,16666666,163263188083,163263574288,163263614483,163298677128,163301220801,2405,268651,163301159727,163301220801,0,163298677128,
0,18742,163275558352,163275558352,-873226312,163275816739,163276565966,163284795864,163284826020,163325558350,163275814315,16666666,163284941165,163301262940,163301319465,163335677653,163359043989,2845,212065,163359043989,163343877270,0,163335677653,
0,18749,163292225018,163292225018,-432134515,163302071100,163302742603,163306237911,163306265293,163392225014,163302068566,16666666,163306416033,163343920481,163343953563,163373045576,163383177502,2344,255347,163383116579,163383177502,0,163373045576,
0,18757,163308891684,163342225016,-947491140,163344494476,163344842896,163345928550,163345950120,163408891680,163344492392,16666666,163346046791,163383217447,163383267922,163414655195,163425731381,2325,134080,163425731381,163422030830,0,163414655195,
0,18765,163358891682,163375558348,-156061160,163384344597,163386093229,163389028062,163389055032,163458891678,163384342444,16666666,163390801419,163422072729,163422102514,163449609912,163460852948,2825,1164492,163460788127,163460852948,0,163449609912,
0,18773,163392225014,163408891680,-46922478,163425240103,163426134241,163436612162,163436634713,163492225010,163425237920,16666666,163437831886,163460895087,163460928830,163480819914,163499221391,2314,223858,163499161780,163499221391,0,163480819914,
0,18781,163442225012,163458891678,-972484286,163461865241,163462256580,163463394252,163463412906,163525558342,163461863457,16666666,163463865000,163499264682,163499298305,163528165539,163559260548,2416,276305,163559260548,163537686264,0,163528165539,
0,18789,163475558344,163492225010,-835693204,163500081045,163500833237,163501281132,163501302372,163592225006,163500079181,16666666,163501402569,163537731950,163538537652,163564739155,163577711839,2315,197158,163577661164,163577711839,0,163564739155,
0,18797,163508891676,163525558342,-631375530,163538173543,163540100397,163540633530,163540656583,163608891672,163538171760,16666666,163540760127,163577751903,163577798871,163609862136,163618573792,2576,234127,163618517247,163618573792,0,163609862136,
0,18804,163542225008,163575558340,-202120363,163578966850,163579539818,163580120321,163580142532,163642225004,163578965056,16666666,163580284758,163618616802,163618648662,163650285530,163662211101,2715,267548,163662150097,163662211101,0,163650285530,
0,18813,163592225006,163608891672,-294593921,163620078708,163620858332,163621728595,163621748762,163692225002,163620076814,16666666,163621854048,163662251908,163662296861,163689055173,163699971830,2455,225390,163699896610,163699971830,0,163689055173,
0,18821,163625558338,163658891670,-475804210,163664777907,163665192630,163665857330,163665879602,163725558334,163664776053,16666666,163665985178,163700060375,163700103706,163729810377,163738338201,2935,312603,163738275944,163738338201,0,163729810377,
0,18829,163675558336,163692225002,-1055407377,163700655206,163701332469,163704932332,163704953041,163758891666,163700653252,16666666,163705068957,163738382974,163741024600,163772274131,163792430978,2475,283038,163792430978,163781709063,0,163772274131,
0,18837,163708891668,163725558334,-134824098,163739015774,163739406032,163742955165,163742978468,163825558330,163739014041,16666666,163743514187,163781750771,163781783482,163809698184,163822279954,2825,309146,163822199714,163822279954,0,163809698184,
0,18845,163758891666,163775558332,-1060027658,163785719221,163786129176,163786759050,163786783736,163842224996,163785717067,16666666,163787028914,163822324536,163824239658,163847017597,163855648521,2395,533655,163855580625,163855648521,0,163847017597,
0,18853,163792224998,163808891664,-858838366,163822884180,163823369074,163826775907,163826797147,163875558328,163822882437,16666666,163826900018,163855693786,163857948300,163880623657,163890552033,2885,387924,163890489857,163890552033,0,163880623657,
0,18861,163842224996,163842224996,-168881902,163856320675,163857010442,163860220648,163860246286,163908891660,163856319052,16666666,163860361531,163890633054,163890681183,163931840712,163961104897,2845,258903,163961104897,163949485097,0,163931840712,
0,18869,163858891662,163892224994,-492865005,163894268255,163894276701,163905811059,163905845394,163992224990,163894265801,16666666,163906074060,163949528659,163949728762,163987648247,164009071942,2464,121687,164009071942,163997176517,0,163987648247,
0,18901,163992224990,163992224990,-376847508,163992409638,163993109333,163993406216,163993480705,164042224988,163992407183,16666666,163993595069,163997202976,163997231800,164026746854,164037135007,2585,222104,164037082860,164037135007,0,164026746854,
0,18909,164008891656,164008891656,-1015069208,164013159334,164013877032,164014332863,164014357609,164058891654,164013156739,16666666,164014509442,164037174992,164037331764,164067736235,164077697923,2665,551478,164077638672,164077697923,0,164067736235,
0,18916,164025558322,164025558322,-525900161,164039960900,164040930478,164041284789,164041357765,164108891652,164039958997,16666666,164041965378,164077742696,164077775978,164106937775,164120463158,2635,257621,164120377819,164120463158,0,164106937775,
0,18924,164042224988,164075558320,-688818608,164079131927,164079910058,164080876320,164080898521,164142224984,164079130023,16666666,164081283449,164120511528,164120565589,164152799188,164175728037,2244,166610,164175728037,164162627177,0,164152799188,
0,18932,164092224986,164108891652,-733781850,164121138834,164122534357,164131752839,164131782044,164208891648,164121136571,16666666,164131919921,164162678031,164162730108,164190592108,164202366436,2504,284721,164202306014,164202366436,0,164190592108,
0,18940,164125558318,164158891650,-527346094,164163353000,164164099513,164168127655,164168149886,164225558314,164163350716,16666666,164168285208,164202457055,164202504313,164227846873,164238388714,2545,300441,164238328331,164238388714,0,164227846873,
0,18948,164175558316,164192224982,-473480391,164203877853,164204349493,164205880027,164205902099,164258891646,164203876260,16666666,164206010300,164238456470,164238499691,164266462061,164276528344,2925,316701,164276456820,164276528344,0,164266462061,
0,18956,164208891648,164225558314,-116747425,164240708569,164241178566,164252562049,164252599519,164308891644,164240706445,16666666,164252746924,164276574500,164276609465,164306679884,164318162544,1984,246278,164318102041,164318162544,0,164306679884,
0,18964,164242224980,164275558312,-720725627,164277222285,164280441649,164283794250,164283823575,164342224976,164277220190,16666666,164284107004,164318206556,164318252101,164346096518,164357488453,3136,393443,164357200045,164357488453,0,164346096518,
0,18972,164292224978,164308891644,-581192188,164318691905,164319547710,164320250712,164320273805,164375558308,164318689771,16666666,164320395572,164357531654,164357564324,164386148334,164409070428,2394,223377,164409070428,164397145763,0,164386148334,
0,18980,164325558310,164358891642,-526637565,164362654420,164363234021,164369787683,164369809193,164442224972,164362650543,16666666,164369912927,164397195486,164397257461,164428296266,164439515955,2725,302595,164436921897,164439515955,0,164428296266,
0,18988,164375558308,164392224974,-425702960,164398113063,164398514392,164399190784,164399214327,164458891638,164398110619,16666666,164401997257,164439560528,164439610461,164464859087,164492410281,2255,150160,164492410281,164472937873,0,164464859087,
0,18996,164408891640,164425558306,-615165884,164440262411,164441558037,164441974424,164442006273,164525558302,164440260247,16666666,164442109767,164472980552,164473024134,164504222846,164525755327,2455,208438,164525755327,164516187870,0,164504222846,
0,19004,164442224972,164458891638,-835771665,164475046725,164475856296,164477400465,164477455137,164558891634,164475044922,16666666,164477604495,164516231070,164516280473,164538591200,164559748247,2665,345675,164559748247,164550582923,0,164538591200,
0,19012,164492224970,164508891636,-1065651418,164516646170,164517117298,164520364894,164520387747,164592224966,164516643915,16666666,164521704443,164550628097,164552070477,164585999593,164609121311,2324,129802,164609121311,164595099223,0,164585999593,
0,19020,164525558302,164542224968,-512305314,164551146785,164551967345,164575158496,164575183843,164642224964,164551144991,16666666,164575312352,164595141712,164596734313,164618223357,164643476811,2314,273579,164643476811,164637594633,0,164618223357,
0,19028,164558891634,164592224966,-1055009182,164595850504,164596320982,164598015121,164598038925,164675558296,164595848711,16666666,164600135084,164637640849,164638492437,164667589540,164677974137,2755,586764,164677909065,164677974137,0,164667589540,
0,19036,164608891632,164625558298,-935779900,164638008224,164638446722,164639690802,164639711400,164708891628,164638006250,16666666,164639830773,164678016115,164678326093,164696885634,164715039420,346947,365101,164714619145,164715039420,0,164696885634,
0,19044,164642224964,164675558296,-406907948,164679031216,164679035895,164680850068,164680874734,164742224960,164679029223,16666666,164681000188,164715160175,164715193236,164748341804,164759059713,2013,148297,164759059713,164756937944,0,164748341804,
0,19052,164692224962,164708891628,0,164720837420,164720838262,164721656939,164721682186,164792224958,164720834706,16666666,164722196585,164756983329,164757013545,164787267797,164809072230,2324,217596,164809072230,164796728800,0,164787267797,
0,19060,164725558294,164758891626,-150609054,164767741593,164767742335,164768911675,164768935379,164842224956,164767738637,16666666,164769340815,164796775818,164796825621,164822609164,164842467017,2204,204822,164842467017,164835359783,0,164822609164,
0,19068,164775558292,164792224958,-699604465,164799080597,164799362653,164800637661,164800662186,164875558288,164799078854,16666666,164800777962,164835431927,164837949963,164865259387,164892509973,2284,129792,164892509973,164873907124,0,164865259387,
0,19076,164808891624,164825558290,-204039566,164836093271,164836356542,164841582948,164841607835,164925558286,164836091357,16666666,164841733148,164873950235,164873982705,164904896884,164918869160,2314,260375,164918814438,164918869160,0,164904896884,
0,19084,164842224956,164875558288,-544835982,164877191284,164877540476,164878896204,164878916842,164942224952,164877189551,16666666,164879013913,164918911530,164919031703,164943441245,164955424115,2303,272227,164955335830,164955424115,0,164943441245,
0,19092,164892224954,164908891620,-461454855,164920305358,164924169916,164929830552,164929861440,164975558284,164920303686,16666666,164930002904,164955469199,164955518983,164984283565,165009120052,2355,134782,165009120052,164993047756,0,164984283565,
0,19100,164925558286,164942224952,-839404874,164956293283,164957295782,164958232889,164958256834,165042224948,164956291098,16666666,164958379954,164993093331,164993146290,165018281645,165042543234,2385,260727,165042543234,165033535872,0,165018281645,
0,19108,164958891618,164992224950,-416904771,164993531231,164994452088,164995243465,164995266037,165075558280,164993529127,16666666,164995458054,165033580616,165033612455,165064993066,165075919407,2715,237512,165075919407,165071113063,0,165064993066,
0,19116,165008891616,165025558282,-1048783264,165035046152,165035975655,165036601382,165036625177,165108891612,165035043608,16666666,165036744830,165071156704,165072961250,165103927866,165114284790,2836,253784,165114224588,165114284790,0,165103927866,
0,19124,165042224948,165058891614,-757385302,165071928143,165072305156,165083258819,165083286371,165142224944,165071926400,16666666,165083446680,165114326538,165114443436,165142477668,165156909331,2744,234257,165156838399,165156909331,0,165142477668,
0,19132,165075558280,165108891612,-557378752,165114735560,165115119096,165116197056,165116218065,165175558276,165114733757,16666666,165116321127,165156955767,165157007234,165186791862,165194414488,2294,221603,165194327897,165194414488,0,165186791862,
0,19140,165125558278,165142224944,-49035881,165157725825,165158136340,165168185651,165168208643,165225558274,165157724011,16666666,165168325622,165194457058,165194504346,165224465490,165242376660,2384,254785,165242376660,165234670371,0,165224465490,
0,19148,165158891610,165192224942,-509306972,165194813639,165195174552,165196186179,165196206878,165275558272,165194812056,16666666,165196311793,165234718841,165234852330,165263977346,165277506633,2685,274842,165277506633,165274011859,0,165263977346,
0,19156,165208891608,165225558274,-1047145220,165238030988,165238670461,165239735347,165239759361,165308891604,165238029245,16666666,165239867383,165274053497,165274098381,165301712849,165325733080,2695,243303,165325733080,165311512503,0,165301712849,
0,19164,165242224940,165275558272,-155972583,165277258009,165287242319,165291096957,165291132022,165358891602,165277256346,16666666,165291271643,165311552709,165311594236,165341332862,165361313277,2635,346957,165361313277,165358684671,0,165341332862,
0,19172,165292224938,165308891604,-998906966,165313917776,165314370149,165315451125,165315475972,165392224934,165313915572,16666666,165315641350,165358725989,165358756144,165385212767,165393910718,2093,584600,165393853321,165393910718,0,165385212767,
0,19180,165325558270,165358891602,-71837256,165372183940,165372998219,165377498551,165377522405,165425558266,165372181295,16666666,165377692974,165394001737,165394442066,165427807041,165443109345,2816,245958,165443109345,165437270770,0,165427807041,
0,19188,165375558268,165392224934,-506667863,165394560259,165395451521,165396102626,165396126089,165475558264,165394558456,16666666,165396232468,165437315614,165437360828,165467579092,165492549670,2434,126857,165492549670,165476818382,0,165467579092,
0,19196,165408891600,165425558266,-689940684,165440308881,165440732531,165442108788,165442132001,165525558262,165440306827,16666666,165442248869,165476862334,165477837633,165514011130,165519763066,2495,228276,165519705559,165519763066,0,165514011130,
0,19204,165442224932,165475558264,-538339199,165477162725,165480128967,165484180171,165484209285,165542224928,165477161112,16666666,165484365256,165519807279,165521501018,165551840416,165575778794,2575,137085,165575778794,165561447016,0,165551840416,
0,19212,165492224930,165508891596,-19510656,165520326216,165520647466,165524169434,165524191525,165608891592,165520324503,16666666,165524299116,165561491499,165561523218,165601535031,165616295438,2355,273370,165616237230,165616295438,0,165601535031,
0,19220,165525558262,165558891594,-340681681,165562620299,165562624467,165568244458,165568266560,165642224924,165562618456,16666666,165568425435,165616344600,165619364862,165645662156,165655052889,2725,311010,165654992796,165655052889,0,165645662156,
0,19228,165575558260,165608891592,-99182359,165617760320,165617760781,165622357173,165622411766,165675558256,165617758256,16666666,165622518545,165655098994,165655157794,165692718243,165700609340,2765,314196,165700540742,165700609340,0,165692718243,
0,19237,165625558258,165642224924,-63596284,165658458057,165672487836,165672974223,165673003277,165725558254,165658455713,16666666,165673135033,165700653352,165703678132,165735971654,165744255155,2444,257921,165744194141,165744255155,0,165735971654,
0,19245,165675558256,165692224922,-845732580,165702081566,165702867611,165704741556,165704763436,165775558252,165702079562,16666666,165704860157,165744301932,165744349270,165774935197,165792445151,2224,281244,165792445151,165785607429,0,165774935197,
0,19253,165708891588,165742224920,-585805876,165744802362,165745141224,165749673587,165749699074,165825558250,165744800528,16666666,165749897754,165785653495,165785702898,165814522682,165825400448,2564,232875,165825306783,165825400448,0,165814522682,
0,19261,165758891586,165775558252,-560672916,165787997427,165788604719,165791051943,165791071730,165842224916,165787995633,16666666,165791188978,165825448978,165825500164,165862531705,165875951060,2575,304268,165875951060,165869580039,0,165862531705,
0,19269,165792224918,165825558250,-834905558,165838608201,165839437447,165840947232,165840969714,165908891580,165838604875,16666666,165841076433,165869628860,165869663234,165901625652,165911508462,2905,169426,165911454101,165911508462,0,165901625652,
0,19277,165842224916,165858891582,-357712573,165870888490,165871761818,165875032577,165875057923,165942224912,165870886356,16666666,165875175032,165911554198,165911610232,165947715414,165979671549,2425,163024,165979671549,165956724265,0,165947715414,
0,19285,165875558248,165908891580,-687745970,165915270616,165915797739,165920327317,165920354057,166008891576,165915268573,16666666,165920549090,165956772254,165956806318,165973628730,166009098697,6663427,197319,166009098697,165991579296,0,165973628730,
0,19293,165925558246,165958891578,-196796382,165960308507,165961309545,165965205064,165965226704,166042224908,165960306503,16666666,165965453917,165991624891,165991676206,166027946317,166042409408,2785,224329,166042409408,166038422925,0,166027946317,
0,19301,165975558244,165975558244,-630855424,165992187830,165993560450,165994041487,165994067004,166075558240,165992184795,16666666,165994200644,166038464622,166038500158,166067473140,166092427536,2265,127087,166092427536,166077017259,0,166067473140,
0,19310,166008891576,166025558242,-466405114,166041512806,166050196399,166052249528,166052275767,166125558238,166041510903,16666666,166052889582,166077064147,166077095585,166113586085,166117956406,2284,229378,166117903939,166117956406,0,166113586085,
0,19318,166058891574,166075558240,-114137109,166080237232,166081134125,166082279090,166082306171,166142224904,166080235198,16666666,166084551218,166117995920,166118042287,166147950190,166160105971,2416,230269,166160105971,166158758147,0,166147950190,
0,19326,166092224906,166108891572,-46376924,166119106740,166119845969,166120874497,166120908109,166192224902,166119104336,16666666,166121041388,166158805376,166158848195,166197784707,166209127631,2384,227254,166209127631,166207140324,0,166197784707,
0,19334,166125558238,166175558236,-428181309,166178568251,166180255748,166181586598,166181610063,166242224900,166178566608,16666666,166181718875,166207185448,166207236833,166241630626,166259074706,2464,281495,166259074706,166247397290,0,166241630626,
0,19342,166192224902,166192224902,-999987036,166208279119,166208830718,166221317412,166221343501,166292224898,166208276314,16666666,166221590131,166247449167,166247503198,166281583773,166290059329,2525,528866,166289996432,166290059329,0,166281583773,
0,19350,166208891568,166242224900,-8407436,166248318076,166248708965,166250254257,166250279414,166308891564,166248315691,16666666,166253021328,166290106678,166290143055,166316252368,166327407862,2834,509801,166327272209,166327407862,0,166316252368,
0,19358,166258891566,166275558232,-8109222,166291254407,166291993185,166294411287,166294435602,166358891562,166291252825,16666666,166294676972,166327488492,166328403058,166361492655,166372557680,3057,299749,166370234800,166372557680,0,166361492655,
0,19366,166292224898,166325558230,-681193709,166332318240,166332998749,166336481574,166336511620,166392224894,166332315824,16666666,166336644347,166372604217,166373843017,166404605608,166412237470,2315,202076,166412180955,166412237470,0,166404605608,
0,19374,166342224896,166358891562,-280021255,166372934853,166375477066,166383584155,166383613260,166442224892,166372932689,16666666,166383930741,166412281483,166412327518,166433462713,166459097980,2524,142295,166459097980,166451958947,0,166433462713,
0,19382,166392224894,166408891560,-887859486,166412635416,166413163871,166415490650,166415511960,166492224890,166412633602,16666666,166415623809,166452002157,166452108385,166479185922,166501649595,2455,721956,166501592198,166501649595,0,166479185922,
0,19390,166425558226,166442224892,-177078554,166455291612,166455295630,166456423663,166456451215,166525558222,166455289859,16666666,166456734683,166501698967,166501735836,166530714388,166543455657,2365,118040,166543455657,166539221601,0,166530714388,
0,19422,166542224888,166542224888,-1055819867,166544616192,166545020185,166546277470,166546303188,166575558220,166544613527,16666666,166546464468,166546482732,166546512368,166573604101,166592406948,2505,137065,166592406948,166578951303,0,166573604101,
0,19436,166575558220,166575558220,-797913881,166575768509,166576613365,166583655205,166583679470,166625558218,166575766446,16666666,166583799465,166584086159,166584108430,166614741489,166623885422,3106,263151,166623807647,166623885422,0,166614741489,
0,19444,166592224886,166592224886,-161339714,166598010088,166598505311,166599091043,166599117122,166642224884,166598008113,16666666,166599221697,166623931848,166623983675,166661887431,166668214130,2685,479604,166668145933,166668214130,0,166661887431,
0,19451,166608891552,166608891552,-375165037,166624460986,166625290222,166639270303,166639296863,166692224882,166624457980,16666666,166639453555,166668258703,166670777421,166697688661,166706737326,2514,384977,166706668878,166706737326,0,166697688661,
0,19459,166625558218,166658891550,-1028469874,166669055830,166669318710,166673715444,166673740710,166725558214,166669053906,16666666,166674022466,166706776539,166706825230,166740814016,166760550297,2214,127046,166760550297,166750820496,0,166740814016,
0,19467,166675558216,166692224882,-735172955,166707555748,166708340612,166722152113,166722178622,166792224878,166707553834,16666666,166722301020,166750857115,166750889846,166782517424,166809082376,2444,249215,166809082376,166791629747,0,166782517424,
0,19475,166708891548,166742224880,-510130283,166753903616,166755043572,166756501130,166756526818,166842224876,166753901512,16666666,166756709379,166791676285,166791727249,166811276357,166842545509,2365,138178,166842545509,166830676396,0,166811276357,
0,19490,166758891546,166792224878,-909556548,166792338600,166793858284,166796683703,166796706395,166875558208,166792336696,16666666,166796841718,166830731468,166830784217,166865462508,166877847966,2765,240569,166877847966,166875259899,0,166865462508,
0,19498,166808891544,166825558210,-63309134,166831466220,166832253898,166835546448,166835571064,166908891540,166831464146,16666666,166835684235,166875304643,166875454783,166908747904,166918183741,2525,218848,166918123810,166918183741,0,166908747904,
0,19506,166842224876,166875558208,-883889003,166889952464,166891627697,166894924866,166894954522,166942224872,166889950510,16666666,166895126553,166918223186,166918270663,166945790032,166961175223,2414,276025,166961175223,166955615794,0,166945790032,
0,19514,166892224874,166908891540,-325844089,166918616476,166918993198,166919915529,166919936257,166992224870,166918614472,16666666,166920084273,166955659626,166955691755,166983108495,167009097256,2375,235940,167009097256,166994543480,0,166983108495,
0,19522,166925558206,166942224872,-122917216,166956875463,166957300566,166958217316,166958238865,167042224868,166956873770,16666666,166958410326,166994587121,166994631935,167027222287,167042531364,2595,266357,167042531364,167036512690,0,167027222287,
0,19530,166975558204,166992224870,-248723515,166995349764,166997006042,166998913590,166998935251,167075558200,166995347900,16666666,166999715307,167036558105,167036590315,167070593116,167092367747,2635,200574,167092367747,167078015539,0,167070593116,
0,19538,167008891536,167025558202,-459207510,167039713011,167040752971,167042168657,167042220484,167125558198,167039710788,16666666,167050480949,167078057808,167078097642,167105389792,167120743412,2485,565845,167120683460,167120743412,0,167105389792,
0,19546,167042224868,167075558200,-908138779,167079718448,167080035218,167081335864,167083485713,167142224864,167079716274,16666666,167083604625,167120787584,167120822610,167145417647,167153761956,2555,408201,167153705781,167153761956,0,167145417647,
0,19554,167092224866,167108891532,-248825904,167122718044,167123025287,167124307348,167124328888,167175558196,167122715990,16666666,167124471674,167153805117,167153837076,167182699152,167192777787,2223,138638,167192777787,167188638108,0,167182699152,
0,19562,167142224864,167142224864,-720692956,167156497428,167156826582,167157927525,167158071252,167225558194,167156495294,16666666,167158177591,167188680016,167188709210,167219148818,167242446344,2474,161621,167242446344,167228520745,0,167219148818,
0,19570,167158891530,167175558196,-486924409,167188986477,167189623364,167190138885,167190160546,167275558192,167188984713,16666666,167190259691,167228567212,167228617766,167264731435,167276555233,2385,274241,167276555233,167271640780,0,167264731435,
0,19578,167192224862,167225558194,-473673688,167229466768,167229470786,167234267911,167234292708,167308891524,167229464864,16666666,167235084865,167271685073,167271716060,167304548610,167325711456,2134,218197,167325711456,167313818617,0,167304548610,
0,19586,167242224860,167258891526,0,167273870957,167273871398,167274951943,167274976789,167358891522,167273868763,16666666,167275140345,167313859884,167313906411,167342475778,167359388851,2554,307463,167359388851,167352582046,0,167342475778,
0,19594,167275558192,167308891524,0,167315483270,167315483751,167319629883,167319694484,167392224854,167315481246,16666666,167320290545,167352627130,167352660392,167383570801,167392936965,3025,201045,167392816561,167392936965,0,167383570801,
0,19602,167325558190,167342224856,0,167354981701,167354982132,167356437005,167356460770,167342224856,167354979999,16666666,167356555407,167392978011,167393008989,167407657986,162509067076,13947521,214850,162509067076,167431522481,0,167407657986,
0,19717,167725558174,167725558174,0,167725777007,167725777518,167725777649,167725810199,167742224840,167725774743,16666666,167726031161,167726043955,167726079581,167742747626,167759063443,2706,306982,167759063443,167751648735,0,167742747626,
0,19724,167742224840,167742224840,0,167742437338,167742437958,167742438109,167742460761,167792224838,167742435735,16666666,167742608607,167751682147,167751725017,167779018828,167794420260,2505,443817,167794420260,167788295017,0,167779018828,
0,19732,167758891506,167758891506,0,167765003571,167765004453,167765004613,167765038586,167825558170,167764999684,16666666,167765477364,167788371389,167788404521,167816299111,167827863287,2816,266467,167827863287,167825690444,0,167816299111,
0,19739,167775558172,167775558172,0,167790462499,167790462859,167790463300,167790490751,167858891502,167790460936,16666666,167790685214,167825732784,167825762479,167862610348,167875707773,2495,144330,167875707773,167867107414,0,167862610348,
0,19747,167792224838,167825558170,0,167827863588,167827863979,167827864140,167840787260,167908891500,167827861785,16666666,167841118788,167867148742,167867178186,167898156588,167913041234,2284,231873,167913041234,167906933556,0,167898156588,
0,19755,167842224836,167858891502,0,167872113530,167872113901,167872114042,167872150750,167942224832,167872111958,16666666,167872379546,167906968902,167907008465,167940909708,167959117995,2605,125394,167959117995,167949949966,0,167940909708,
0,19763,167875558168,167908891500,0,167918723362,167918723702,167918723892,167918752185,167992224830,167918721768,16666666,167918961846,167949993426,167950035545,167976776915,167986869167,2444,349852,167986805808,167986869167,0,167976776915,
0,19771,167925558166,167942224832,0,167950126827,167950127218,167950127368,167950156973,168008891496,167950125044,16666666,167950559695,167987013165,167987141444,168015627048,168024459730,2585,302664,168024397996,168024459730,0,168015627048,
0,19779,167958891498,167975558164,0,167987446373,167987446713,167987446884,167987474656,168042224828,167987444359,16666666,167987668366,168024553005,168024601765,168053264847,168064844081,2565,120234,168064782527,168064844081,0,168053264847,
0,19787,167992224830,168008891496,0,168024731636,168024731996,168024732157,168024764507,168008891496,168024729512,16666666,168025029241,168064903232,168065058511,168086221510,162920989622,2294,238885,162920927617,168101089447,0,168086221510,
---PROFILEDATA---


View hierarchy:

  com.pocketengineer.app/com.pocketengineer.app.MainActivity/android.view.ViewRootImpl@6a1c97c
  7 views, 15.46 kB of render nodes


Total ViewRootImpl   : 1
Total attached Views : 7
Total RenderNode     : 15.46 kB (used) / 51.12 kB (capacity)

