Applications Graphics Acceleration Info:
Uptime: 732315 Realtime: 732315

** Graphics info for pid 3310 [com.pocketengineer.app] **

Stats since: 727859052862ns
Total frames rendered: 261
Janky frames: 6 (2.30%)
Janky frames (legacy): 157 (60.15%)
50th percentile: 31ms
90th percentile: 32ms
95th percentile: 36ms
99th percentile: 36ms
Number Missed Vsync: 0
Number High input latency: 510
Number Slow UI thread: 1
Number Slow bitmap uploads: 0
Number Slow issue draw commands: 6
Number Frame deadline missed: 6
Number Frame deadline missed (legacy): 6
HISTOGRAM: 5ms=0 6ms=0 7ms=0 8ms=0 9ms=0 10ms=0 11ms=0 12ms=0 13ms=0 14ms=0 15ms=0 16ms=2 17ms=4 18ms=7 19ms=1 20ms=2 21ms=1 22ms=0 23ms=3 24ms=2 25ms=3 26ms=1 27ms=14 28ms=37 29ms=24 30ms=25 31ms=32 32ms=78 34ms=11 36ms=12 38ms=0 40ms=0 42ms=0 44ms=0 46ms=0 48ms=2 53ms=0 57ms=0 61ms=0 65ms=0 69ms=0 73ms=0 77ms=0 81ms=0 85ms=0 89ms=0 93ms=0 97ms=0 101ms=0 105ms=0 109ms=0 113ms=0 117ms=0 121ms=0 125ms=0 129ms=0 133ms=0 150ms=0 200ms=0 250ms=0 300ms=0 350ms=0 400ms=0 450ms=0 500ms=0 550ms=0 600ms=0 650ms=0 700ms=0 750ms=0 800ms=0 850ms=0 900ms=0 950ms=0 1000ms=0 1050ms=0 1100ms=0 1150ms=0 1200ms=0 1250ms=0 1300ms=0 1350ms=0 1400ms=0 1450ms=0 1500ms=0 1550ms=0 1600ms=0 1650ms=0 1700ms=0 1750ms=0 1800ms=0 1850ms=0 1900ms=0 1950ms=0 2000ms=0 2050ms=0 2100ms=0 2150ms=0 2200ms=0 2250ms=0 2300ms=0 2350ms=0 2400ms=0 2450ms=0 2500ms=0 2550ms=0 2600ms=0 2650ms=0 2700ms=0 2750ms=0 2800ms=0 2850ms=0 2900ms=0 2950ms=0 3000ms=0 3050ms=0 3100ms=0 3150ms=0 3200ms=0 3250ms=0 3300ms=0 3350ms=0 3400ms=0 3450ms=0 3500ms=0 3550ms=0 3600ms=0 3650ms=0 3700ms=0 3750ms=0 3800ms=0 3850ms=0 3900ms=0 3950ms=0 4000ms=0 4050ms=0 4100ms=0 4150ms=0 4200ms=0 4250ms=0 4300ms=0 4350ms=0 4400ms=0 4450ms=0 4500ms=0 4550ms=0 4600ms=0 4650ms=0 4700ms=0 4750ms=0 4800ms=0 4850ms=0 4900ms=0 4950ms=0
50th gpu percentile: 15ms
90th gpu percentile: 18ms
95th gpu percentile: 19ms
99th gpu percentile: 19ms
GPU HISTOGRAM: 1ms=0 2ms=0 3ms=3 4ms=5 5ms=6 6ms=3 7ms=4 8ms=2 9ms=4 10ms=5 11ms=9 12ms=9 13ms=19 14ms=38 15ms=49 16ms=13 17ms=29 18ms=44 19ms=19 20ms=0 21ms=0 22ms=0 23ms=0 24ms=0 25ms=0 4950ms=0

Pipeline=Skia (OpenGL)
Memory policy:
  Max surface area: 2073600
  Max resource usage: 99.53MB (x48)
  Background retention: 50% (altUiHidden = true)
  GPU Context timeout: 10
Contexts: 1 (stopped = 0)
CPU Caches:
  Glyph Cache: 7.32 KB (1 entry)
  Glyph Count: 2 
Total CPU memory usage:
  7497 bytes, 7.32 KB (0.00 bytes is purgeable)
GPU Caches:
  Other:
    Other: 0.00 bytes (1 entry)
  Image:
    Texture: 13.04 KB (1 entry)
  Scratch:
    RenderTarget: 15.69 MB (3 entries)
    Texture: 2.00 MB (2 entries)
    Buffer Object: 112.00 KB (3 entries)
Total GPU memory usage:
  18678956 bytes, 17.81 MB (17.77 MB is purgeable)

GraphicBufferAllocator buffers:
        Handle |        Size |     W (Stride) x H | Layers |   Format |      Usage | Requestor
0x7c5064bf0e40 |     unknown | 1080 (   0) x 1920 |      1 |        1 | 0x     b00 | VRI[MainActivity]#3(BLAST Consumer)3
0x7c5064c07490 |     unknown | 1080 (   0) x 1920 |      1 |        1 | 0x     b00 | VRI[MainActivity]#3(BLAST Consumer)3
0x7c5064c0b540 |     unknown | 1080 (   0) x 1920 |      1 |        1 | 0x     b00 | VRI[MainActivity]#3(BLAST Consumer)3
Total allocated by GraphicBufferAllocator (estimate): 0.00 KB
GoldfishAllocator::dumpDebugInfo is not implemented
Profile data in ms:

	com.pocketengineer.app/com.pocketengineer.app.MainActivity/android.view.ViewRootImpl@7fae85e (visibility=0)
Window: com.pocketengineer.app/com.pocketengineer.app.MainActivity
Stats since: 727859052045ns
Total frames rendered: 261
Janky frames: 6 (2.30%)
Janky frames (legacy): 157 (60.15%)
50th percentile: 31ms
90th percentile: 32ms
95th percentile: 36ms
99th percentile: 36ms
Number Missed Vsync: 0
Number High input latency: 510
Number Slow UI thread: 1
Number Slow bitmap uploads: 0
Number Slow issue draw commands: 6
Number Frame deadline missed: 6
Number Frame deadline missed (legacy): 6
HISTOGRAM: 5ms=0 6ms=0 7ms=0 8ms=0 9ms=0 10ms=0 11ms=0 12ms=0 13ms=0 14ms=0 15ms=0 16ms=2 17ms=4 18ms=7 19ms=1 20ms=2 21ms=1 22ms=0 23ms=3 24ms=2 25ms=3 26ms=1 27ms=14 28ms=37 29ms=24 30ms=25 31ms=32 32ms=78 34ms=11 36ms=12 38ms=0 40ms=0 42ms=0 44ms=0 46ms=0 48ms=2 53ms=0 57ms=0 61ms=0 65ms=0 69ms=0 73ms=0 77ms=0 81ms=0 85ms=0 89ms=0 93ms=0 97ms=0 101ms=0 105ms=0 109ms=0 113ms=0 117ms=0 121ms=0 125ms=0 129ms=0 133ms=0 150ms=0 200ms=0 250ms=0 300ms=0 350ms=0 400ms=0 450ms=0 500ms=0 550ms=0 600ms=0 650ms=0 700ms=0 750ms=0 800ms=0 850ms=0 900ms=0 950ms=0 1000ms=0 1050ms=0 1100ms=0 1150ms=0 1200ms=0 1250ms=0 1300ms=0 1350ms=0 1400ms=0 1450ms=0 1500ms=0 1550ms=0 1600ms=0 1650ms=0 1700ms=0 1750ms=0 1800ms=0 1850ms=0 1900ms=0 1950ms=0 2000ms=0 2050ms=0 2100ms=0 2150ms=0 2200ms=0 2250ms=0 2300ms=0 2350ms=0 2400ms=0 2450ms=0 2500ms=0 2550ms=0 2600ms=0 2650ms=0 2700ms=0 2750ms=0 2800ms=0 2850ms=0 2900ms=0 2950ms=0 3000ms=0 3050ms=0 3100ms=0 3150ms=0 3200ms=0 3250ms=0 3300ms=0 3350ms=0 3400ms=0 3450ms=0 3500ms=0 3550ms=0 3600ms=0 3650ms=0 3700ms=0 3750ms=0 3800ms=0 3850ms=0 3900ms=0 3950ms=0 4000ms=0 4050ms=0 4100ms=0 4150ms=0 4200ms=0 4250ms=0 4300ms=0 4350ms=0 4400ms=0 4450ms=0 4500ms=0 4550ms=0 4600ms=0 4650ms=0 4700ms=0 4750ms=0 4800ms=0 4850ms=0 4900ms=0 4950ms=0
50th gpu percentile: 15ms
90th gpu percentile: 18ms
95th gpu percentile: 19ms
99th gpu percentile: 19ms
GPU HISTOGRAM: 1ms=0 2ms=0 3ms=3 4ms=5 5ms=6 6ms=3 7ms=4 8ms=2 9ms=4 10ms=5 11ms=9 12ms=9 13ms=19 14ms=38 15ms=49 16ms=13 17ms=29 18ms=44 19ms=19 20ms=0 21ms=0 22ms=0 23ms=0 24ms=0 25ms=0 4950ms=0



---PROFILEDATA---
Flags,FrameTimelineVsyncId,IntendedVsync,Vsync,InputEventId,HandleInputStart,AnimationStart,PerformTraversalsStart,DrawStart,FrameDeadline,FrameInterval,FrameStartTime,SyncQueued,SyncStart,IssueDrawCommandsStart,SwapBuffers,FrameCompleted,DequeueBufferDuration,QueueBufferDuration,GpuCompleted,SwapBuffersCompleted,DisplayPresentTime,CommandSubmissionCompleted,
0,71151,730268461270,730268461270,-537351572,730268614052,730268943147,730269275786,730269297966,730318461268,730268612111,16666666,730269401367,730272424003,730272447625,730286609196,730301911483,3456,134032,730301911483,730287261632,0,730286609196,
0,71166,730285127936,730285127936,-1031625971,730285288296,730285737197,730287248138,730287279889,730335127934,730285286387,16666666,730287395268,730287410230,730287437194,730301682746,730318579746,6098862,180822,730318579746,730308336423,0,730301682746,
0,71181,730301794602,730301794602,-138771927,730301983207,730302358871,730302845565,730302874696,730351794600,730301980795,16666666,730302991937,730308377101,730308424246,730323229244,730335222924,2378,102665,730335222924,730323591409,0,730323229244,
0,71196,730318461268,730318461268,-643381035,730318657224,730319018832,730319449113,730319477669,730368461266,730318655045,16666666,730319686835,730323620844,730323644330,730336636261,730350451594,1911,161415,730350451594,730337139100,0,730336636261,
0,71211,730335127934,730335127934,-810870565,730335290606,730335660403,730336456372,730336480147,730385127932,730335288343,16666666,730336583907,730337160536,730337180229,730350064080,730368405442,3764210,161467,730368405442,730354304011,0,730350064080,
0,71226,730351794600,730351794600,-753259345,730352089227,730352586365,730354280302,730354309548,730401794598,730352087510,16666666,730354425692,730354489047,730354515352,730368039419,730385202142,3587912,162984,730385202142,730372057290,0,730368039419,
0,71241,730368461266,730368461266,-1072396128,730368691612,730369064455,730369477620,730369501809,730418461264,730368690172,16666666,730369609976,730372093203,730372123511,730385725692,730399786948,82687,84593,730399786948,730386317423,0,730385725692,
0,71256,730385127932,730385127932,-448686693,730385263739,730385562292,730386288526,730386308457,730435127930,730385261725,16666666,730386398640,730386419606,730386441539,730399470047,730417535937,3792198,98781,730417535937,730403671111,0,730399470047,
0,71271,730401794598,730401794598,-576022326,730402086485,730402646414,730403660474,730403691151,730451794596,730402083832,16666666,730403842368,730403859954,730403884675,730417175484,730435235356,4138738,161080,730435235356,730421755800,0,730417175484,
0,71286,730418461264,730418461264,-157845446,730418654496,730418989652,730419662638,730419688379,730468461262,730418652421,16666666,730419795238,730421782205,730421807991,730435172575,730451947427,5588782,146889,730451947427,730441681914,0,730435172575,
0,71301,730435127930,730435127930,-947699609,730435345551,730435699469,730436554677,730436580757,730485127928,730435343544,16666666,730436682900,730441706025,730441731394,730454496256,730468253443,2142,108752,730468253443,730454883871,0,730454496256,
0,71316,730451794596,730451794596,-171550553,730452021878,730452495377,730453072549,730453094455,730501794594,730452020575,16666666,730453206230,730454912477,730454933854,730467949368,730485229672,4160021,85291,730485229672,730472474172,0,730467949368,
0,71331,730468461262,730468461262,-809895252,730468760239,730469070269,730469420176,730469440466,730518461260,730468758703,16666666,730469553608,730472532082,730472561549,730485646180,730501970118,5585023,92721,730501970118,730491646269,0,730485646180,
0,71346,730485127928,730485127928,-1040297416,730485290245,730485683298,730486249338,730486287148,730535127926,730485288743,16666666,730486395487,730491670239,730491700355,730505504095,730518595037,3110,205638,730518595037,730506005242,0,730505504095,
0,71361,730501794594,730501794594,-88741267,730502030343,730502038642,730502876989,730502902944,730551794592,730502028364,16666666,730503065534,730506063769,730506086820,730520096491,730535011151,2337,93947,730535011151,730520487280,0,730520096491,
0,71376,730518461260,730518461260,0,730518644278,730518644819,730519248044,730519273910,730568461258,730518642569,16666666,730519378477,730520514742,730520538903,730534712419,730551897696,3503011,98112,730551897696,730538568437,0,730534712419,
0,71391,730535127926,730535127926,-726152609,730535259818,730535604723,730536315780,730536354755,730585127924,730535257917,16666666,730536524758,730538613163,730538643127,730551843111,730568553756,5631425,88527,730568553756,730557984040,0,730551843111,
0,71406,730551794592,730551794592,-765381752,730551971965,730552361140,730552766780,730552798872,730601794590,730551970027,16666666,730552926950,730558019574,730558051493,730571908554,730585225007,2807,210334,730585225007,730572439215,0,730571908554,
0,71421,730568461258,730568461258,-510638486,730568690221,730569165818,730569779277,730569804027,730618461256,730568689331,16666666,730569923188,730572477793,730572502155,730586290784,730601028930,1990,84677,730601028930,730586625594,0,730586290784,
0,71436,730585127924,730585127924,-838786001,730585326628,730585688035,730586435683,730586460259,730635127922,730585324203,16666666,730586559275,730586643172,730586663366,730600590161,730618567349,3797283,220760,730618567349,730604889184,0,730600590161,
0,71451,730601794590,730601794590,-134362819,730602006605,730602533535,730603007914,730603035528,730651794588,730602004365,16666666,730603145446,730604931172,730604964208,730618288422,730635238924,3993886,145817,730635238924,730622742436,0,730618288422,
0,71466,730618461256,730618461256,-858856308,730618703880,730619103606,730619455895,730619477422,730668461254,730618703128,16666666,730619580182,730622777262,730622808054,730636756149,730650279988,2184,94292,730650279988,730637087075,0,730636756149,
0,71481,730635127922,730635127922,-10253116,730635368735,730635715509,730636588261,730636612495,730685127920,730635367973,16666666,730636705280,730637106873,730637125428,730649974688,730667320640,4056087,92542,730667320640,730654388286,0,730649974688,
0,71496,730651794588,730651794588,-670700240,730651962079,730652325280,730652941698,730652968008,730701794586,730651960149,16666666,730653099671,730654415765,730654446607,730667015144,730685233362,4282905,88022,730685233362,730671664380,0,730667015144,
0,71511,730668461254,730668461254,-880145759,730668658376,730669016038,730669358860,730669380488,730718461252,730668656130,16666666,730669494084,730671697057,730671724729,730685341983,730701889583,4008286,109158,730701889583,730689749756,0,730685341983,
0,71526,730685127920,730685127920,-423228295,730685374375,730685666218,730686063709,730686085548,730735127918,730685373348,16666666,730686201368,730689785938,730689817392,730702969578,730718066717,2286,105286,730718066717,730703322932,0,730702969578,
0,71541,730701794586,730701794586,-150296852,730702039198,730702343701,730702910772,730702932338,730751794584,730702037679,16666666,730703039773,730703345814,730703364757,730717748882,730735193507,3771130,100361,730735193507,730721900633,0,730717748882,
0,71556,730718461252,730718461252,-318898975,730718659813,730718960882,730719343151,730719364111,730768461250,730718658291,16666666,730719462810,730721938797,730721970163,730736225731,730750507248,3886,108547,730750507248,730736734572,0,730736225731,
0,71571,730735127918,730735127918,-548389800,730735316781,730735621475,730735868722,730735889222,730785127916,730735315457,16666666,730736052333,730736766972,730736792434,730750150080,730768536267,6448104,86303,730768536267,730757018764,0,730750150080,
0,71586,730751794584,730751794584,-788908051,730752027767,730752431910,730752848403,730752874134,730801794582,730752025843,16666666,730753013174,730757077074,730757133071,730770711041,730785062702,2601,118605,730785062702,730771138298,0,730770711041,
0,71601,730768461250,730768461250,-400722590,730768643560,730768951163,730769811345,730769841492,730818461248,730768641642,16666666,730769981612,730771173079,730771196443,730784636929,730801869320,5871251,102303,730801869320,730790984816,0,730784636929,
0,71616,730785127916,730785127916,-598131360,730785269700,730785584537,730785945834,730785970831,730835127914,730785267656,16666666,730786102227,730791016755,730791045004,730804517784,730818544480,3409,95425,730818544480,730804931142,0,730804517784,
0,71631,730801794582,730801794582,-156618559,730801938771,730802279704,730802651175,730802671864,730851794580,730801936627,16666666,730802823989,730804962588,730804986471,730819125519,730835232782,4938623,131376,730835232782,730824500337,0,730819125519,
0,71646,730818461248,730818461248,-206652193,730818608108,730818940628,730819721824,730819747524,730868461246,730818605960,16666666,730819855634,730824529869,730824553920,730838309481,730851887776,2078,97508,730851887776,730838712367,0,730838309481,
0,71661,730835127914,730835127914,-964384260,730835302781,730835639977,730836067947,730836086691,730885127912,730835300419,16666666,730836199989,730838744429,730838765958,730852292404,730868577861,5837403,106016,730868577861,730858645025,0,730852292404,
0,71676,730851794580,730851794580,-1008799704,730851933553,730851942558,730852914375,730852935834,730901794578,730851930808,16666666,730853084038,730858675391,730858704896,730872650095,730885203127,2316,87051,730885203127,730872984087,0,730872650095,
0,71691,730868461246,730868461246,0,730868629638,730868630207,730869237736,730869262798,730918461244,730868627691,16666666,730869366779,730873039873,730873062064,730887225461,730901369065,1922,110375,730901369065,730887626834,0,730887225461,
0,71706,730885127912,730885127912,-703004178,730885359185,730885702827,730886154933,730886181326,730935127910,730885357571,16666666,730886279009,730887653589,730887672821,730901038244,730918545334,4273624,86102,730918545334,730905694180,0,730901038244,
0,71721,730901794578,730901794578,-718625222,730902012912,730902391739,730902740027,730902762962,730951794576,730902009652,16666666,730902878978,730905731633,730905763226,730920106396,730934314359,1994,79563,730934314359,730920468199,0,730920106396,
0,71736,730918461244,730918461244,-238955095,730918828115,730919164585,730919614226,730919636528,730968461242,730918826845,16666666,730919735065,730920489065,730920509079,730934023094,730951900300,4301324,89600,730951900300,730938680675,0,730934023094,
0,71751,730935127910,730935127910,-38377733,730935314297,730935722084,730936120812,730936142924,730985127908,730935312345,16666666,730936245560,730938733230,730938768543,730951943299,730968576036,6108520,109827,730968576036,730958530994,0,730951943299,
0,71766,730951794576,730951794576,-5959228,730951949071,730952271512,730953116099,730953141302,731001794574,730951947312,16666666,730953276656,730958573619,730958603363,730972053500,730985261674,2488,97352,730985261674,730972512449,0,730972053500,
0,71781,730968461242,730968461242,-497311039,730968645174,730969026673,730969708652,730969729067,731018461240,730968643487,16666666,730969822858,730972543041,730972564106,730985552161,731001886055,5467357,131957,731001886055,730991434556,0,730985552161,
0,71796,730985127908,730985127908,-165847923,730985457854,730985821861,730986384624,730986408657,731035127906,730985456726,16666666,730986510975,730991457707,730991503937,731004577056,731018330606,2809,94440,731018330606,731004960574,0,731004577056,
0,71811,731001794574,731001794574,-712438563,731001982818,731002394089,731002853663,731002881362,731051794572,731001980855,16666666,731003010215,731005026273,731005069928,731017979736,731035259485,4152611,100658,731035259485,731022544978,0,731017979736,
0,71826,731018461240,731018461240,-123637676,731018618364,731018973913,731019380897,731019400865,731068461238,731018615785,16666666,731019511018,731022588936,731022628495,731036737283,731051470988,2354,97963,731051470988,731037331336,0,731036737283,
0,71841,731035127906,731035127906,-122664113,731035352695,731035916393,731036769988,731036800817,731085127904,731035350952,16666666,731036942817,731037361077,731037383526,731051152368,731068567535,3887464,116126,731068567535,731055425691,0,731051152368,
0,71856,731051794572,731051794572,-477428459,731051955971,731052341860,731052669715,731052690555,731101794570,731051953472,16666666,731052814937,731055465525,731055507216,731069272492,731083894946,2704,193141,731083894946,731069711663,0,731069272492,
0,71871,731068461238,731068461238,-865269306,731068657213,731069068452,731069775816,731069802059,731118461236,731068654790,16666666,731069928085,731069946616,731069966442,731083534887,731101892171,6274912,163439,731101892171,731090224672,0,731083534887,
0,71886,731085127904,731085127904,-394591668,731085356800,731085724441,731086062150,731086082150,731135127902,731085354777,16666666,731086179792,731090248147,731090276166,731103801987,731117726918,2144,88217,731117726918,731104201889,0,731103801987,
0,71901,731101794570,731101794570,-270880831,731101969325,731102297326,731103009113,731103030736,731151794568,731101967226,16666666,731103135558,731104240341,731104261575,731117421990,731135205530,3903709,90995,731135205530,731121679084,0,731117421990,
0,71916,731118461236,731118461236,-686090445,731118711722,731119170739,731119833172,731119874132,731168461234,731118709832,16666666,731120049842,731121719101,731121759788,731135666123,731151894714,5530853,163061,731151894714,731141655678,0,731135666123,
0,71931,731135127902,731135127902,-406953807,731135275991,731135638133,731136347594,731136371155,731185127900,731135274351,16666666,731136488120,731141683609,731141710699,731156405883,731168558173,2521,97735,731168558173,731156757122,0,731156405883,
0,71946,731151794568,731151794568,-506637770,731151965645,731152332280,731152790441,731152814404,731201794566,731151963916,16666666,731153112812,731156788228,731156806726,731170291543,731183816520,2095,94135,731183816520,731170660465,0,731170291543,
0,71961,731168461234,731168461234,-277396214,731168709694,731169017982,731169522397,731169544077,731218461232,731168708859,16666666,731169648278,731170688375,731170708556,731183515074,731201881400,4010031,100888,731201881400,731187885919,0,731183515074,
0,71976,731185127900,731185127900,-334510798,731185268944,731185563045,731186352166,731186375183,731235127898,731185267320,16666666,731186474710,731187921279,731187955633,731202319383,731218614817,6134318,91379,731218614817,731208906966,0,731202319383,
0,71991,731201794566,731201794566,-144217418,731202039867,731202047688,731202882907,731202905617,731251794564,731202038651,16666666,731203015129,731208946004,731208979587,731222873969,731235212510,3058,193747,731235212510,731223409895,0,731222873969,
0,72006,731218461232,731218461232,0,731218656965,731218657517,731219649909,731219674437,731268461230,731218655171,16666666,731219778682,731223448597,731223473878,731237334410,731251008708,2168,104198,731251008708,731237718823,0,731237334410,
0,72021,731235127898,731235127898,-638110764,731235796619,731236211193,731236862771,731236914275,731285127896,731235795063,16666666,731237081993,731237747737,731237768196,731250699512,731268217226,3855191,99783,731268217226,731254918815,0,731250699512,
0,72036,731251794564,731251794564,-780588053,731251977835,731252386020,731253029770,731253056509,731301794562,731251975533,16666666,731253161065,731254948652,731254974021,731267886134,731285236129,4445592,95960,731285236129,731272726458,0,731267886134,
0,72051,731268461230,731268461230,-485598412,731268645654,731268961549,731269662342,731269686276,731318461228,731268643588,16666666,731269822533,731272766579,731272799853,731286270821,731300467934,2120,162875,731300467934,731286788096,0,731286270821,
0,72066,731285127896,731285127896,-320797628,731285339237,731285774072,731286911857,731286939047,731335127894,731285336130,16666666,731287093072,731287107581,731287130104,731300030548,731318553904,4535404,153813,731318553904,731305085460,0,731300030548,
0,72081,731301794562,731301794562,-884207421,731301976072,731302376591,731305138091,731305163783,731351794560,731301974223,16666666,731305299511,731305322020,731305346228,731320366594,731335310424,2908,244264,731335310424,731320979317,0,731320366594,
0,72096,731318461228,731318461228,-923958905,731318708191,731319035622,731319724819,731319752802,731368461226,731318707246,16666666,731319898278,731321034605,731321073119,731335156608,731351976089,3889359,98389,731351976089,731339442809,0,731335156608,
0,72111,731335127894,731335127894,-380552735,731335361879,731335757964,731336223436,731336246348,731385127892,731335359665,16666666,731336340994,731339491291,731339530504,731353345476,731367754754,2363,83702,731367754754,731353699960,0,731353345476,
0,72126,731351794560,731351794560,-289294251,731352035828,731352465550,731353541067,731353574254,731401794558,731352034028,16666666,731353705475,731353719937,731353748033,731367347409,731385202199,4266142,137147,731385202199,731372097151,0,731367347409,
0,72141,731368461226,731368461226,-482298702,731368641586,731369128827,731369714527,731369737904,731418461224,731368638978,16666666,731369849707,731372131749,731372159901,731385703952,731401918265,5429791,88982,731401918265,731391476648,0,731385703952,
0,72163,731385127892,731385127892,-100301554,731385356655,731385674323,731386526669,731386544631,731435127890,731385355598,16666666,731386679519,731391510048,731391537085,731406392008,731418537005,2149,121503,731418537005,731406775614,0,731406392008,
0,72178,731401794558,731401794558,-126682632,731401966278,731402367082,731402669747,731402686138,731451794556,731401964386,16666666,731402782753,731406805351,731406826230,731420263579,731434916034,2120,97012,731434916034,731420645074,0,731420263579,
0,72193,731418461224,731418461224,-921149313,731418588446,731418960454,731420069766,731420099055,731468461222,731418586908,16666666,731420216635,731420664336,731420685175,731434626037,731451886827,3942390,88390,731451886827,731438929554,0,731434626037,
0,72208,731435127890,731435127890,-285363380,731435255866,731435582395,731435851985,731435869001,731485127888,731435254006,16666666,731435965974,731438979480,731439059378,731453283722,731467511929,2550,79636,731467511929,731453685048,0,731453283722,
0,72223,731451794556,731451794556,-294945022,731451952744,731452317598,731452664434,731452693799,731501794554,731451951270,16666666,731452865480,731453710608,731453733527,731467237465,731485228564,4179070,90058,731485228564,731471760469,0,731467237465,
0,72238,731468461222,731468461222,-159206753,731468709976,731469043212,731469737707,731469762157,731518461220,731468708581,16666666,731469860843,731471817274,731471861935,731485308046,731501898499,4327053,115999,731501898499,731490068727,0,731485308046,
0,72253,731485127888,731485127888,-852360340,731485278359,731485553648,731486349573,731486372004,731535127886,731485276131,16666666,731486504983,731490105143,731490157792,731503663758,731517698193,4548,158316,731517698193,731504142976,0,731503663758,
0,72268,731501794554,731501794554,-979049333,731501958818,731502359516,731502922731,731502943164,731551794552,731501956806,16666666,731503061264,731504187430,731504230409,731517340894,731535055427,3532983,179055,731535055427,731521288655,0,731517340894,
0,72283,731518461220,731518461220,-1016276070,731518678529,731519104420,731520074885,731520106268,731568461218,731518676699,16666666,731520241983,731521316780,731521342845,731534666025,731551890921,3783477,166745,731551890921,731538899876,0,731534666025,
0,72298,731535127886,731535127886,-996653454,731535264104,731535582171,731535924690,731535943405,731585127884,731535261934,16666666,731536091983,731538931517,731538960205,731552734539,731566692693,2337,156535,731566692693,731553196973,0,731552734539,
0,72313,731551794552,731551794552,-250625687,731551930532,731551943879,731552505237,731552526340,731601794550,731551928423,16666666,731552629833,731553220941,731553243188,731566384919,731584367656,3882256,98376,731584367656,731570631642,0,731566384919,
0,72328,731568461218,731568461218,0,731568730166,731568731174,731569477232,731569518496,731618461216,731568728088,16666666,731569718736,731570670917,731570699915,731583934285,731601804948,3635389,226545,731601804948,731588093219,0,731583934285,
0,72343,731585127884,731585127884,0,731585397003,731585397235,731586099603,731586127109,731635127882,731585394869,16666666,731586258020,731588130956,731588182199,731601505117,731618541959,4056431,96684,731618541959,731605928111,0,731601505117,
0,72358,731601794550,731601794550,0,731601937513,731601937758,731602428381,731602447426,731651794548,731601935465,16666666,731602543228,731605974243,731606025984,731619483769,731633752607,2721,175734,731633752607,731619925466,0,731619483769,
0,72373,731618461216,731618461216,0,731618625581,731618626220,731619294725,731619323708,731668461214,731618622840,16666666,731619434597,731619948140,731619977665,731633278891,731651867334,8382708,190473,731651867334,731642249635,0,731633278891,
0,72388,731635127882,731635127882,0,731635277945,731635278229,731642493619,731642515442,731685127880,731635276386,16666666,731642646859,731642663396,731642684757,731656311497,731668596200,2175,110840,731668596200,731656700289,0,731656311497,
0,72403,731651794548,731651794548,0,731651927976,731651928453,731653153490,731653173807,731701794546,731651926352,16666666,731653339312,731656726753,731656744689,731669999516,731684106552,2011,76619,731684106552,731670339927,0,731669999516,
0,72418,731668461214,731668461214,0,731668649931,731668650189,731668965361,731668988293,731718461212,731668648588,16666666,731669099131,731670366617,731670386301,731683769321,731701885380,5469609,92808,731701885380,731689635169,0,731683769321,
0,72433,731685127880,731685127880,0,731685372483,731685372722,731685753787,731685778219,731735127878,731685371190,16666666,731685896789,731689676646,731689726398,731703388089,731717748597,1834,75574,731717748597,731703718638,0,731703388089,
0,72448,731701794546,731701794546,0,731701951915,731701952507,731702587314,731702619338,731751794544,731701949661,16666666,731702748607,731703744349,731703763562,731717459284,731735239277,7397192,85587,731735239277,731725208360,0,731717459284,
0,72463,731718461212,731718461212,0,731718739218,731718739443,731719057496,731719075946,731768461210,731718737832,16666666,731719195487,731725245221,731725280796,731738711639,731751913604,2678,154407,731751913604,731739147770,0,731738711639,
0,72478,731735127878,731735127878,0,731735266384,731735266959,731735599639,731735614267,731785127876,731735264539,16666666,731735702762,731739178961,731739197719,731752596113,731766628372,18742,142822,731766628372,731753078641,0,731752596113,
0,72493,731751794544,731751794544,0,731751960517,731751961092,731752387672,731752404983,731801794542,731751958701,16666666,731752505410,731753098148,731753118491,731766312763,731785212397,5934164,94686,731785212397,731772659871,0,731766312763,
0,72508,731768461210,731768461210,0,731768684692,731768684929,731769037685,731769055733,731818461208,731768683005,16666666,731769165718,731772729166,731772796331,731786376925,731800924132,1828,148187,731800924132,731786821206,0,731786376925,
0,72523,731785127876,731785127876,0,731785287620,731785288319,731785617617,731785633849,731835127874,731785285432,16666666,731785736749,731786846522,731786869339,731800508762,731818576505,7691639,191690,731818576505,731808666457,0,731800508762,
0,72538,731801794542,731801794542,0,731802025923,731802026267,731802313004,731802330315,731851794540,731802023595,16666666,731802427393,731808701116,731808728411,731822210142,731835227312,2830,116387,731835227312,731822687022,0,731822210142,
0,72553,731818461208,731818461208,0,731818714751,731818714994,731819125063,731819148200,731868461206,731818713346,16666666,731819247258,731822724669,731822748772,731836140323,731850935424,2468,92023,731850935424,731836660565,0,731836140323,
0,72568,731835127874,731835127874,0,731835469226,731835469324,731836517304,731836537833,731885127872,731835467100,16666666,731836639486,731836681667,731836700488,731850390567,731868586545,6668270,147844,731868586545,731857673756,0,731850390567,
0,72583,731851794540,731851794540,0,731852015868,731852016116,731852432624,731852451713,731901794538,731852014203,16666666,731852575002,731857702409,731857731920,731870936546,731885203190,2011,132054,731885203190,731871406643,0,731870936546,
0,72598,731868461206,731868461206,0,731868706636,731868707167,731868756428,731868777197,731918461204,731868704664,16666666,731868918284,731871436644,731871457941,731885206144,731901873269,7921447,85206,731901873269,731893505688,0,731885206144,
0,72613,731885127872,731885127872,0,731885376043,731885376219,731885408462,731885433146,731935127870,731885374540,16666666,731885562036,731893537693,731893569547,731907149616,731918584261,2301,99132,731918584261,731907540893,0,731907149616,
0,72628,731901794538,731901794538,0,731902055130,731902055266,731902084662,731902107995,731951794536,731902054040,16666666,731902252543,731907571326,731907590184,731921115383,731935231653,2366,101560,731935231653,731921522282,0,731921115383,
0,72643,731918461204,731918461204,0,731918706575,731918706859,731918782036,731918808466,731968461202,731918704757,16666666,731918964323,731921551543,731921572191,731934947684,731951894049,6026197,117110,731951894049,731941452725,0,731934947684,
0,72658,731935127870,731935127870,0,731935304859,731935305502,731935382542,731935410249,731985127868,731935302574,16666666,731935555980,731941490194,731941555197,731955576734,731968583080,2985,124623,731968583080,731956023535,0,731955576734,
0,72673,731951794536,731951794536,0,731951944912,731951945437,731952069119,731952100645,732001794534,731951942908,16666666,731952254974,731956061339,731956084627,731969605336,731983876627,2004,128171,731983876627,731969954833,0,731969605336,
0,72688,731968461202,731968461202,0,731968686995,731968687711,731968759254,731968786648,732018461200,731968684350,16666666,731968927607,731969982487,731970000904,731983501570,732001872078,3949282,169602,732001872078,731987891687,0,731983501570,
0,72718,732001794534,732001794534,0,732001935227,732001935714,732001935887,732001956852,732035127866,732001933421,16666666,732002142542,732002161738,732002181268,732015242132,732018960697,3013,141442,732018960697,732015693512,0,732015242132,
0,72733,732018461200,732018461200,0,732018761654,732018762414,732018762649,732018796567,732051794532,732018759476,16666666,732019199373,732019217267,732019246610,732032432593,732035416925,2156,99369,732035416925,732032768147,0,732032432593,
0,72748,732035127866,732035127866,0,732035533826,732035534787,732035535008,732035598241,732068461198,732035528969,16666666,732035922883,732035950612,732035992112,732049208162,732052558995,2668,127509,732052558995,732049637539,0,732049208162,
0,72763,732051794532,732051794532,0,732052020641,732052021300,732052021500,732052101374,732085127864,732052016686,16666666,732052341986,732052423676,732052448059,732065883212,732071715347,2472,166110,732071715347,732066433268,0,732065883212,
0,72778,732068461198,732068461198,0,732068667367,732068667609,732068667779,732068701851,732101794530,732068665937,16666666,732068860459,732068879828,732068901524,732083722303,732087332564,2385,220049,732087332564,732084212653,0,732083722303,
0,72793,732085127864,732085127864,0,732085430456,732085431213,732085431399,732085481028,732118461196,732085427370,16666666,732085750206,732085771433,732085797801,732099048268,732101935445,2086,146045,732101935445,732099462591,0,732099048268,
0,72808,732101794530,732101794530,0,732102038959,732102039549,732102039710,732102064042,732135127862,732102019098,16666666,732102236846,732102250660,732102273202,732115644475,732120208619,2906,169018,732120208619,732116170276,0,732115644475,
0,72823,732118461196,732118461196,0,732118758081,732118759087,732118759244,732118803919,732151794528,732118755171,16666666,732119069260,732119087180,732119119402,732133133919,732136678097,2500,104512,732136678097,732133565562,0,732133133919,
0,72838,732135127862,732135127862,0,732135353480,732135354016,732135354178,732135382565,732168461194,732135351739,16666666,732135579897,732135592819,732135616220,732149549319,732152329626,2125,108962,732152329626,732149928701,0,732149549319,
0,72853,732151794528,732151794528,0,732152029060,732152029681,732152029855,732152061704,732185127860,732152027187,16666666,732152335251,732152350936,732152376397,732166403571,732170531334,2022,121650,732170531334,732166827525,0,732166403571,
0,72868,732168461194,732168461194,0,732168710719,732168710961,732168711124,732168736304,732201794526,732168709397,16666666,732168919051,732168932845,732168956308,732182642937,732192041026,2306,98699,732192041026,732183024685,0,732182642937,
0,72883,732185127860,732185127860,0,732185492081,732185492319,732185492487,732185511494,732218461192,732185490943,16666666,732185679121,732185700211,732185729728,732199718901,732203522563,2630,248737,732203522563,732200224096,0,732199718901,
0,72898,732201794526,732201794526,0,732202571536,732202571777,732202571951,732202605516,732235127858,732202569944,16666666,732202885087,732202912406,732202962505,732217880644,732222874593,2005,95005,732222874593,732218285379,0,732217880644,
0,72913,732218461192,732218461192,0,732218790843,732218791087,732218791259,732218810264,732251794524,732218789710,16666666,732218946588,732218989617,732219008486,732232552718,732236881802,2221,91098,732236881802,732232883977,0,732232552718,
0,72928,732235127858,732235127858,0,732235318409,732235318706,732235318891,732235353930,732268461190,732235316800,16666666,732235600539,732235619384,732235641403,732249731117,732256034964,2246,99185,732256034964,732250284868,0,732249731117,
0,72943,732251794524,732251794524,0,732252077051,732252077749,732252077923,732252105036,732285127856,732252074960,16666666,732252313052,732252332309,732252366387,732265488286,732272415784,3066,99459,732272415784,732265880730,0,732265488286,
0,72958,732268461190,732268461190,0,732268696344,732268696583,732268696754,732268729584,732301794522,732268694129,16666666,732268875353,732268911645,732268948154,732281916930,732286005016,2270,162575,732286005016,732282337212,0,732281916930,
---PROFILEDATA---


View hierarchy:

  com.pocketengineer.app/com.pocketengineer.app.MainActivity/android.view.ViewRootImpl@7fae85e
  7 views, 15.46 kB of render nodes


Total ViewRootImpl   : 1
Total attached Views : 7
Total RenderNode     : 15.46 kB (used) / 51.12 kB (capacity)

