Applications Graphics Acceleration Info:
Uptime: 2803147 Realtime: 2803147

** Graphics info for pid 5584 [com.pocketengineer.app] **

Stats since: 2799220298590ns
Total frames rendered: 218
Janky frames: 13 (5.96%)
Janky frames (legacy): 139 (63.76%)
50th percentile: 31ms
90th percentile: 36ms
95th percentile: 36ms
99th percentile: 48ms
Number Missed Vsync: 0
Number High input latency: 403
Number Slow UI thread: 1
Number Slow bitmap uploads: 0
Number Slow issue draw commands: 13
Number Frame deadline missed: 13
Number Frame deadline missed (legacy): 13
HISTOGRAM: 5ms=0 6ms=0 7ms=0 8ms=0 9ms=0 10ms=0 11ms=0 12ms=0 13ms=0 14ms=0 15ms=0 16ms=0 17ms=1 18ms=9 19ms=14 20ms=3 21ms=2 22ms=3 23ms=2 24ms=3 25ms=4 26ms=4 27ms=8 28ms=13 29ms=17 30ms=17 31ms=31 32ms=60 34ms=5 36ms=16 38ms=3 40ms=0 42ms=0 44ms=0 46ms=0 48ms=2 53ms=1 57ms=0 61ms=0 65ms=0 69ms=0 73ms=0 77ms=0 81ms=0 85ms=0 89ms=0 93ms=0 97ms=0 101ms=0 105ms=0 109ms=0 113ms=0 117ms=0 121ms=0 125ms=0 129ms=0 133ms=0 150ms=0 200ms=0 250ms=0 300ms=0 350ms=0 400ms=0 450ms=0 500ms=0 550ms=0 600ms=0 650ms=0 700ms=0 750ms=0 800ms=0 850ms=0 900ms=0 950ms=0 1000ms=0 1050ms=0 1100ms=0 1150ms=0 1200ms=0 1250ms=0 1300ms=0 1350ms=0 1400ms=0 1450ms=0 1500ms=0 1550ms=0 1600ms=0 1650ms=0 1700ms=0 1750ms=0 1800ms=0 1850ms=0 1900ms=0 1950ms=0 2000ms=0 2050ms=0 2100ms=0 2150ms=0 2200ms=0 2250ms=0 2300ms=0 2350ms=0 2400ms=0 2450ms=0 2500ms=0 2550ms=0 2600ms=0 2650ms=0 2700ms=0 2750ms=0 2800ms=0 2850ms=0 2900ms=0 2950ms=0 3000ms=0 3050ms=0 3100ms=0 3150ms=0 3200ms=0 3250ms=0 3300ms=0 3350ms=0 3400ms=0 3450ms=0 3500ms=0 3550ms=0 3600ms=0 3650ms=0 3700ms=0 3750ms=0 3800ms=0 3850ms=0 3900ms=0 3950ms=0 4000ms=0 4050ms=0 4100ms=0 4150ms=0 4200ms=0 4250ms=0 4300ms=0 4350ms=0 4400ms=0 4450ms=0 4500ms=0 4550ms=0 4600ms=0 4650ms=0 4700ms=0 4750ms=0 4800ms=0 4850ms=0 4900ms=0 4950ms=0
50th gpu percentile: 14ms
90th gpu percentile: 18ms
95th gpu percentile: 18ms
99th gpu percentile: 19ms
GPU HISTOGRAM: 1ms=0 2ms=0 3ms=0 4ms=19 5ms=11 6ms=3 7ms=4 8ms=3 9ms=7 10ms=8 11ms=5 12ms=16 13ms=15 14ms=20 15ms=29 16ms=24 17ms=21 18ms=25 19ms=8 20ms=0 21ms=0 22ms=0 23ms=0 24ms=0 25ms=0 4950ms=0

Pipeline=Skia (OpenGL)
Memory policy:
  Max surface area: 2073600
  Max resource usage: 99.53MB (x48)
  Background retention: 50% (altUiHidden = true)
  GPU Context timeout: 10
Contexts: 1 (stopped = 0)
CPU Caches:
  Glyph Cache: 0.00 bytes (1 entry)
  Glyph Count: 0 
Total CPU memory usage:
  0 bytes, 0.00 bytes (0.00 bytes is purgeable)
GPU Caches:
  Other:
    Other: 0.00 bytes (1 entry)
  Scratch:
    RenderTarget: 7.44 MB (1 entry)
    Buffer Object: 80.00 KB (2 entries)
Total GPU memory usage:
  7880704 bytes, 7.52 MB (7.47 MB is purgeable)

GraphicBufferAllocator buffers:
        Handle |        Size |     W (Stride) x H | Layers |   Format |      Usage | Requestor
0x757158fa5070 |     unknown | 1080 (   0) x 1920 |      1 |        1 | 0x     b00 | VRI[MainActivity]#0(BLAST Consumer)0
0x757158fb1ca0 |     unknown | 1080 (   0) x 1920 |      1 |        1 | 0x     b00 | VRI[MainActivity]#0(BLAST Consumer)0
0x757158fb1ee0 |     unknown | 1080 (   0) x 1920 |      1 |        1 | 0x     b00 | VRI[MainActivity]#0(BLAST Consumer)0
Total allocated by GraphicBufferAllocator (estimate): 0.00 KB
GoldfishAllocator::dumpDebugInfo is not implemented
Profile data in ms:

	com.pocketengineer.app/com.pocketengineer.app.MainActivity/android.view.ViewRootImpl@3ab576a (visibility=0)
Window: com.pocketengineer.app/com.pocketengineer.app.MainActivity
Stats since: 2799220297985ns
Total frames rendered: 218
Janky frames: 13 (5.96%)
Janky frames (legacy): 139 (63.76%)
50th percentile: 31ms
90th percentile: 36ms
95th percentile: 36ms
99th percentile: 48ms
Number Missed Vsync: 0
Number High input latency: 403
Number Slow UI thread: 1
Number Slow bitmap uploads: 0
Number Slow issue draw commands: 13
Number Frame deadline missed: 13
Number Frame deadline missed (legacy): 13
HISTOGRAM: 5ms=0 6ms=0 7ms=0 8ms=0 9ms=0 10ms=0 11ms=0 12ms=0 13ms=0 14ms=0 15ms=0 16ms=0 17ms=1 18ms=9 19ms=14 20ms=3 21ms=2 22ms=3 23ms=2 24ms=3 25ms=4 26ms=4 27ms=8 28ms=13 29ms=17 30ms=17 31ms=31 32ms=60 34ms=5 36ms=16 38ms=3 40ms=0 42ms=0 44ms=0 46ms=0 48ms=2 53ms=1 57ms=0 61ms=0 65ms=0 69ms=0 73ms=0 77ms=0 81ms=0 85ms=0 89ms=0 93ms=0 97ms=0 101ms=0 105ms=0 109ms=0 113ms=0 117ms=0 121ms=0 125ms=0 129ms=0 133ms=0 150ms=0 200ms=0 250ms=0 300ms=0 350ms=0 400ms=0 450ms=0 500ms=0 550ms=0 600ms=0 650ms=0 700ms=0 750ms=0 800ms=0 850ms=0 900ms=0 950ms=0 1000ms=0 1050ms=0 1100ms=0 1150ms=0 1200ms=0 1250ms=0 1300ms=0 1350ms=0 1400ms=0 1450ms=0 1500ms=0 1550ms=0 1600ms=0 1650ms=0 1700ms=0 1750ms=0 1800ms=0 1850ms=0 1900ms=0 1950ms=0 2000ms=0 2050ms=0 2100ms=0 2150ms=0 2200ms=0 2250ms=0 2300ms=0 2350ms=0 2400ms=0 2450ms=0 2500ms=0 2550ms=0 2600ms=0 2650ms=0 2700ms=0 2750ms=0 2800ms=0 2850ms=0 2900ms=0 2950ms=0 3000ms=0 3050ms=0 3100ms=0 3150ms=0 3200ms=0 3250ms=0 3300ms=0 3350ms=0 3400ms=0 3450ms=0 3500ms=0 3550ms=0 3600ms=0 3650ms=0 3700ms=0 3750ms=0 3800ms=0 3850ms=0 3900ms=0 3950ms=0 4000ms=0 4050ms=0 4100ms=0 4150ms=0 4200ms=0 4250ms=0 4300ms=0 4350ms=0 4400ms=0 4450ms=0 4500ms=0 4550ms=0 4600ms=0 4650ms=0 4700ms=0 4750ms=0 4800ms=0 4850ms=0 4900ms=0 4950ms=0
50th gpu percentile: 14ms
90th gpu percentile: 18ms
95th gpu percentile: 18ms
99th gpu percentile: 19ms
GPU HISTOGRAM: 1ms=0 2ms=0 3ms=0 4ms=19 5ms=11 6ms=3 7ms=4 8ms=3 9ms=7 10ms=8 11ms=5 12ms=16 13ms=15 14ms=20 15ms=29 16ms=24 17ms=21 18ms=25 19ms=8 20ms=0 21ms=0 22ms=0 23ms=0 24ms=0 25ms=0 4950ms=0



---PROFILEDATA---
Flags,FrameTimelineVsyncId,IntendedVsync,Vsync,InputEventId,HandleInputStart,AnimationStart,PerformTraversalsStart,DrawStart,FrameDeadline,FrameInterval,FrameStartTime,SyncQueued,SyncStart,IssueDrawCommandsStart,SwapBuffers,FrameCompleted,DequeueBufferDuration,QueueBufferDuration,GpuCompleted,SwapBuffersCompleted,DisplayPresentTime,CommandSubmissionCompleted,
0,156464,2801043340513,2801043340513,-426416163,2801043487178,2801043914375,2801045035909,2801045063923,2801093340511,2801043484853,16666666,2801045195580,2801045211087,2801045233897,2801059589537,2801076814904,3666308,137812,2801076814904,2801063920681,0,2801059589537,
0,156472,2801060007179,2801060007179,-904796476,2801060226027,2801060797294,2801061336624,2801061374993,2801110007177,2801060221233,16666666,2801061554220,2801063960164,2801063990643,2801078813385,2801093442432,2832,266759,2801093442432,2801079470786,0,2801078813385,
0,156480,2801076673845,2801076673845,-923822780,2801076883972,2801077570832,2801077983477,2801078022863,2801126673843,2801076880674,16666666,2801078182180,2801079515508,2801079541112,2801093505503,2801110141522,5527978,96641,2801110141522,2801099478320,0,2801093505503,
0,156488,2801093340511,2801093340511,-635844339,2801093488786,2801093844740,2801094445455,2801094470023,2801143340509,2801093485386,16666666,2801094587059,2801099509574,2801099538167,2801113906757,2801126768331,2724,147345,2801126768331,2801114439452,0,2801113906757,
0,156496,2801110007177,2801110007177,-820687273,2801110230962,2801110690261,2801111173372,2801111199466,2801160007175,2801110227009,16666666,2801111330228,2801114479802,2801114502887,2801128652153,2801143438465,2674,91027,2801143438465,2801129191151,0,2801128652153,
0,156504,2801126673843,2801126673843,-957886065,2801126823572,2801127153218,2801128041171,2801128065385,2801176673841,2801126820956,16666666,2801128179670,2801129217202,2801129237769,2801144149012,2801160115013,341968,183024,2801160115013,2801145227537,0,2801144149012,
0,156512,2801143340509,2801143340509,-164744718,2801143486188,2801143913817,2801145633993,2801145669071,2801193340507,2801143483426,16666666,2801145829102,2801145850258,2801145884537,2801161180844,2801176783471,2535,83357,2801176783471,2801161576974,0,2801161180844,
0,156520,2801160007175,2801160007175,-643877831,2801160180878,2801160647439,2801161732524,2801161758886,2801210007173,2801160173924,16666666,2801161883653,2801161907311,2801161928245,2801176506559,2801193435070,3271744,101887,2801193435070,2801180738688,0,2801176506559,
0,156528,2801176673841,2801176673841,-677724503,2801176840575,2801177226966,2801178206464,2801178233264,2801226673839,2801176837967,16666666,2801178407848,2801180783822,2801180816990,2801194179478,2801209917285,150913,156713,2801209917285,2801194773226,0,2801194179478,
0,156536,2801193340507,2801193340507,-413539613,2801193491654,2801193834895,2801194202173,2801194222905,2801243340505,2801193488044,16666666,2801194342885,2801194793236,2801194814189,2801209548633,2801226762415,3576522,121898,2801226762415,2801213586577,0,2801209548633,
0,156544,2801210007173,2801210007173,-929132243,2801210155287,2801210168173,2801211083856,2801211114737,2801260007171,2801210152103,16666666,2801211253492,2801213660979,2801213716053,2801228227016,2801242356471,2929,110258,2801242356471,2801228724532,0,2801228227016,
0,156552,2801226673839,2801226673839,-81325812,2801226806272,2801227039383,2801227946254,2801228023497,2801276673837,2801226803988,16666666,2801228170726,2801228760630,2801228783988,2801242026840,2801260151110,6404771,118422,2801260151110,2801248836679,0,2801242026840,
0,156568,2801260007171,2801260007171,-134814642,2801260213046,2801260584009,2801261042642,2801261065177,2801293340503,2801260210549,16666666,2801261170989,2801261207695,2801261230815,2801275590246,2801279355964,3586,98608,2801279355964,2801276165137,0,2801275590246,
0,156576,2801276673837,2801276673837,-1070310513,2801276880387,2801277481544,2801277883173,2801277909210,2801310007169,2801276875976,16666666,2801278025817,2801278043736,2801278070133,2801292258395,2801295948376,2958,145191,2801295948376,2801292791207,0,2801292258395,
0,156584,2801293340503,2801293340503,-872895915,2801293546144,2801294112234,2801294585440,2801294622852,2801326673835,2801293542214,16666666,2801294810674,2801294834354,2801294870210,2801308433728,2801312784376,3537,123096,2801312784376,2801309091331,0,2801308433728,
0,156592,2801310007169,2801310007169,-794935705,2801310148565,2801310558452,2801311027572,2801311091202,2801343340501,2801310145753,16666666,2801311212345,2801311232787,2801311263479,2801324815071,2801328788399,2479,238684,2801328788399,2801325613204,0,2801324815071,
0,156600,2801326673835,2801326673835,-1007839801,2801326874329,2801327396025,2801327808349,2801327836729,2801360007167,2801326871345,16666666,2801327964924,2801327986153,2801328030261,2801342063829,2801345541399,2495,203421,2801345541399,2801342510699,0,2801342063829,
0,156608,2801343340501,2801343340501,-808492987,2801343479450,2801343827209,2801344126996,2801344150187,2801376673833,2801343476965,16666666,2801344261767,2801344295259,2801344319856,2801357945526,2801362389432,3632,115149,2801362389432,2801358409711,0,2801357945526,
0,156616,2801360007167,2801360007167,-886394732,2801360243740,2801360760155,2801361879580,2801361905216,2801393340499,2801360240797,16666666,2801362045444,2801362068551,2801362104602,2801376108783,2801379738704,3127,164042,2801379738704,2801376687136,0,2801376108783,
0,156624,2801376673833,2801376673833,-408288344,2801377115158,2801377514032,2801377945687,2801377968108,2801410007165,2801377112866,16666666,2801378072067,2801378092724,2801378121613,2801391456166,2801394658807,3356,120748,2801394658807,2801391797149,0,2801391456166,
0,156632,2801393340499,2801393340499,-1039343456,2801393511781,2801394026323,2801394461581,2801394492787,2801426673831,2801393509595,16666666,2801394629350,2801394965068,2801394996188,2801409525045,2801414085456,2734,107736,2801414085456,2801409950709,0,2801409525045,
0,156640,2801410007165,2801410007165,-160888193,2801410157400,2801410519743,2801410800216,2801410820617,2801443340497,2801410154536,16666666,2801410925213,2801410942896,2801410970691,2801425087839,2801428826194,2397,111167,2801428826194,2801425477699,0,2801425087839,
0,156648,2801426673831,2801426673831,-42206795,2801426894286,2801427385628,2801427682270,2801427706319,2801460007163,2801426890261,16666666,2801427807521,2801427824182,2801427847341,2801441418554,2801445812539,2957,113631,2801445812539,2801442844975,0,2801441418554,
0,156656,2801443340497,2801443340497,-955832996,2801443504552,2801443909218,2801444334790,2801444408833,2801476673829,2801443501922,16666666,2801444524554,2801444541450,2801444565345,2801457660442,2801462007755,2465,98134,2801462007755,2801458046754,0,2801457660442,
0,156664,2801460007163,2801460007163,-537561869,2801460151049,2801460586574,2801461023832,2801461046154,2801493340495,2801460148681,16666666,2801461173235,2801461216933,2801461246332,2801475596836,2801479425130,3005,90417,2801479425130,2801476348466,0,2801475596836,
0,156672,2801476673829,2801476673829,-992365556,2801476803861,2801477176049,2801477878343,2801477906685,2801510007161,2801476801445,16666666,2801478043536,2801478069219,2801478102353,2801491761468,2801495210305,3454,205670,2801495210305,2801492299337,0,2801491761468,
0,156680,2801493340495,2801493340495,-271521217,2801493551089,2801493991214,2801494576287,2801494603451,2801526673827,2801493548218,16666666,2801494732527,2801494751451,2801494783365,2801508784021,2801512743289,2474,167519,2801512743289,2801509281082,0,2801508784021,
0,156688,2801510007161,2801510007161,-550639608,2801510225548,2801510689570,2801511240915,2801511292472,2801543340493,2801510220896,16666666,2801511434837,2801511462031,2801511510567,2801525099174,2801528602170,2508,100833,2801528602170,2801525484159,0,2801525099174,
0,156696,2801526673827,2801526673827,-197402800,2801526970881,2801527529105,2801527911834,2801527942544,2801560007159,2801526966100,16666666,2801528091669,2801528115966,2801528147870,2801541317721,2801545516043,4591,298681,2801545516043,2801541964405,0,2801541317721,
0,156704,2801543340493,2801543340493,-155050413,2801543603866,2801544075172,2801544489160,2801544517930,2801576673825,2801543598837,16666666,2801544651569,2801544672091,2801544696645,2801558550141,2801562057463,4910,132983,2801562057463,2801559061775,0,2801558550141,
0,156712,2801560007159,2801560007159,-1019656939,2801560203815,2801560783260,2801561390024,2801561420438,2801593340491,2801560201094,16666666,2801561600982,2801561629111,2801561678860,2801575069775,2801584019057,3496,109440,2801584019057,2801575620218,0,2801575069775,
0,156720,2801576673825,2801576673825,-974583318,2801576858965,2801577216976,2801577717441,2801577739116,2801610007157,2801576855841,16666666,2801577837213,2801577853514,2801577875112,2801592157344,2801596083036,2997,102987,2801596083036,2801592524187,0,2801592157344,
0,156728,2801593340491,2801593340491,-821230706,2801593490324,2801593500265,2801594470786,2801594497792,2801626673823,2801593487101,16666666,2801594654863,2801594739527,2801594765845,2801609219426,2801612815891,2144,88411,2801612815891,2801609592465,0,2801609219426,
0,156736,2801610007157,2801610007157,-379457806,2801610147414,2801610527598,2801611318115,2801611348159,2801643340489,2801610144755,16666666,2801611466229,2801611493369,2801611516511,2801625099593,2801628877114,2548,100315,2801628877114,2801625461951,0,2801625099593,
0,156751,2801643340489,2801643340489,-266080333,2801643543051,2801643889291,2801644311748,2801644339103,2801660007155,2801643540706,16666666,2801644471392,2801644492652,2801644524601,2801659470181,2801675460263,3618,135105,2801675460263,2801660095838,0,2801659470181,
0,156758,2801660007155,2801660007155,-739083888,2801660153090,2801660495967,2801661252128,2801661282579,2801693340487,2801660150792,16666666,2801661389378,2801661405497,2801661425910,2801674914248,2801693053857,4086709,97824,2801693053857,2801679605578,0,2801674914248,
0,156766,2801676673821,2801676673821,-974492925,2801676841352,2801677219050,2801677672031,2801677704369,2801710007153,2801676838827,16666666,2801677831146,2801679647234,2801679681071,2801692715350,2801710097501,4967016,93723,2801710097501,2801698119047,0,2801692715350,
0,156774,2801693340487,2801693340487,-225008052,2801693479243,2801693836913,2801694189548,2801694213386,2801743340485,2801693475544,16666666,2801694329631,2801698205308,2801698276243,2801711897197,2801726217444,2559,108051,2801726217444,2801712472838,0,2801711897197,
0,156782,2801710007153,2801710007153,-353353361,2801710162878,2801710577326,2801711052323,2801711076461,2801760007151,2801710160041,16666666,2801711188216,2801712515045,2801712587450,2801725769637,2801743444924,4317642,109307,2801743444924,2801730601039,0,2801725769637,
0,156790,2801726673819,2801726673819,-405098556,2801726875318,2801727491252,2801728169310,2801728209139,2801776673817,2801726871516,16666666,2801728401743,2801730648981,2801730694335,2801744774194,2801760169678,4343,153919,2801760169678,2801745396650,0,2801744774194,
0,156798,2801743340485,2801743340485,-492092302,2801743511673,2801743965280,2801745778953,2801745811244,2801793340483,2801743507559,16666666,2801745973239,2801746002932,2801746033126,2801759478989,2801776825472,3747028,302731,2801776825472,2801764146780,0,2801759478989,
0,156806,2801760007151,2801760007151,-553723970,2801760303098,2801761029321,2801761838854,2801761864443,2801810007149,2801760292185,16666666,2801762015116,2801764182742,2801764213230,2801777893798,2801793480042,162223,108465,2801793480042,2801778454050,0,2801777893798,
0,156814,2801776673817,2801776673817,-255049870,2801776867897,2801777462993,2801777859654,2801777882930,2801826673815,2801776863581,16666666,2801777994912,2801778481596,2801778506364,2801792762293,2801809920597,2715637,188350,2801809920597,2801796346918,0,2801792762293,
0,156822,2801793340483,2801793340483,-656069337,2801793516006,2801793866249,2801794309900,2801794337178,2801843340481,2801793513272,16666666,2801794468085,2801796385368,2801796440217,2801809520439,2801826789113,3667723,167562,2801826789113,2801813651792,0,2801809520439,
0,156830,2801810007149,2801810007149,-82873015,2801810149748,2801810515138,2801811304637,2801811349230,2801860007147,2801810146867,16666666,2801811465618,2801813690572,2801813719051,2801827743389,2801843458055,4290565,157083,2801843458055,2801833537164,0,2801827743389,
0,156838,2801826673815,2801826673815,-857451564,2801826881346,2801827531316,2801829603471,2801829637401,2801876673813,2801826877864,16666666,2801829785088,2801833571188,2801833601006,2801848965144,2801860211739,4125,158779,2801860211739,2801849446897,0,2801848965144,
0,156846,2801843340481,2801843340481,-304166834,2801843530265,2801844015969,2801845134922,2801845176453,2801893340479,2801843527713,16666666,2801845734929,2801849494759,2801849523444,2801865643708,2801876778068,2867,116243,2801876778068,2801866144218,0,2801865643708,
0,156854,2801860007147,2801860007147,-810583621,2801860323173,2801860987220,2801862363705,2801862393854,2801910007145,2801860319005,16666666,2801862528134,2801866188023,2801866212970,2801880731492,2801893479458,3107,134771,2801893479458,2801881368832,0,2801880731492,
0,156862,2801876673813,2801876673813,-365841718,2801876854004,2801877466467,2801877801341,2801877822187,2801926673811,2801876850907,16666666,2801877998892,2801881406558,2801881428914,2801896659660,2801910129028,3623,142436,2801910129028,2801897101345,0,2801896659660,
0,156870,2801893340479,2801893340479,-769881088,2801893559441,2801894488216,2801895336995,2801895366931,2801943340477,2801893556443,16666666,2801895491822,2801897133557,2801897155202,2801912950340,2801926781834,2995,118032,2801926781834,2801913383245,0,2801912950340,
0,156878,2801910007145,2801910007145,-174873883,2801910222350,2801910785750,2801911840483,2801911871081,2801960007143,2801910218459,16666666,2801912020760,2801913411587,2801913432507,2801928338280,2801943463457,3176,100421,2801943463457,2801928836138,0,2801928338280,
0,156886,2801926673811,2801926673811,-924222706,2801926874657,2801927317590,2801928839956,2801928894535,2801976673809,2801926871505,16666666,2801929173882,2801929208222,2801929240511,2801944097743,2801960101389,6535697,111550,2801960101389,2801951125912,0,2801944097743,
0,156894,2801943340477,2801943340477,-860775009,2801943524133,2801944021924,2801944584176,2801944606248,2801993340475,2801943521597,16666666,2801944706451,2801951178358,2801951214807,2801965193358,2801976765482,2523,113242,2801976765482,2801965587085,0,2801965193358,
0,156902,2801960007143,2801960007143,-267138272,2801960191281,2801960612711,2801961050901,2801961072267,2802010007141,2801960188384,16666666,2801961172913,2801965618593,2801965643231,2801980573886,2801993438143,2955,147653,2801993438143,2801981080407,0,2801980573886,
0,156910,2801976673809,2801976673809,-290413636,2801976817783,2801976826778,2801979512621,2801979544732,2802026673807,2801976815418,16666666,2801979676569,2801981140915,2801981174356,2801995089335,2802009272571,4139,142071,2802009272571,2801995574814,0,2801995089335,
0,156918,2801993340475,2801993340475,-454619002,2801993494109,2801993577580,2801994574717,2801994615871,2802043340473,2801993491348,16666666,2801994745066,2801995615581,2801995647540,2802008873430,2802026829258,4458124,119526,2802026829258,2802013835580,0,2802008873430,
0,156941,2802043340473,2802043340473,-513004175,2802043512733,2802043916653,2802044209298,2802044229653,2802060007139,2802043510336,16666666,2802044355156,2802044374341,2802044400784,2802058648099,2802068040839,2801,196619,2802068040839,2802059206031,0,2802058648099,
0,156949,2802060007139,2802060007139,-460568928,2802060193769,2802061087951,2802061570469,2802061649161,2802093340471,2802060190470,16666666,2802061848725,2802061885261,2802061942182,2802077680415,2802092989610,2693,110043,2802092989610,2802078134019,0,2802077680415,
0,156956,2802076673805,2802076673805,-758350019,2802076834503,2802077255275,2802077987986,2802078024360,2802110007137,2802076832205,16666666,2802078295626,2802078318816,2802078343170,2802092597636,2802110209006,4504035,100809,2802110209006,2802097558659,0,2802092597636,
0,156964,2802093340471,2802093340471,-268459999,2802093593600,2802094139771,2802094448603,2802094474576,2802143340469,2802093590463,16666666,2802094582879,2802097598446,2802097637711,2802112378927,2802126920817,2128,102995,2802126920817,2802112799028,0,2802112378927,
0,156972,2802110007137,2802110007137,-589253204,2802110316921,2802110798571,2802111187463,2802111222236,2802160007135,2802110313582,16666666,2802111440627,2802112833443,2802112854995,2802127046924,2802143459155,7386617,445538,2802143459155,2802135972240,0,2802127046924,
0,156980,2802126673803,2802126673803,-22052234,2802127036178,2802127954504,2802128997250,2802129055982,2802176673801,2802127028059,16666666,2802129317978,2802136026489,2802136062511,2802149558941,2802160198376,2756,145838,2802160198376,2802150027039,0,2802149558941,
0,156988,2802143340469,2802143340469,-165702773,2802143499964,2802144185834,2802144484402,2802144511725,2802193340467,2802143497149,16666666,2802144633422,2802150068903,2802150094746,2802164940654,2802176818684,3990,187311,2802176818684,2802165606040,0,2802164940654,
0,156996,2802160007135,2802160007135,-116694685,2802160311400,2802161484256,2802162065611,2802162093927,2802210007133,2802160307376,16666666,2802162242014,2802165652230,2802165681478,2802181681111,2802193466056,2965,231960,2802193466056,2802182233047,0,2802181681111,
0,157004,2802176673801,2802176673801,-784031122,2802176860855,2802177482951,2802177938872,2802177973993,2802226673799,2802176857609,16666666,2802178117682,2802182285600,2802182333855,2802196547027,2802210104108,3549,232888,2802210104108,2802197216915,0,2802196547027,
0,157012,2802193340467,2802193340467,-5947880,2802193570192,2802194144214,2802195513166,2802195566227,2802243340465,2802193566830,16666666,2802195741291,2802197250248,2802197287925,2802212081608,2802226771739,2656,142614,2802226771739,2802212635639,0,2802212081608,
0,157020,2802210007133,2802210007133,-646382294,2802210208793,2802210567131,2802211038931,2802211061985,2802260007131,2802210206446,16666666,2802211204182,2802212697087,2802212730168,2802226629941,2802243555095,2831074,438429,2802243555095,2802230734943,0,2802226629941,
0,157028,2802226673799,2802226673799,-179781609,2802226839522,2802227171951,2802228183245,2802228220685,2802276673797,2802226836934,16666666,2802228535749,2802230780423,2802230816574,2802245539049,2802260091589,3508,108701,2802260091589,2802245971398,0,2802245539049,
0,157036,2802243340465,2802243340465,-810245147,2802243631930,2802244379931,2802244793345,2802244822349,2802293340463,2802243627320,16666666,2802245118418,2802246007331,2802246039582,2802260538228,2802276811340,7997789,93872,2802276811340,2802269195302,0,2802260538228,
0,157044,2802260007131,2802260007131,-446870162,2802269103878,2802269597000,2802270287045,2802270333822,2802310007129,2802269099941,16666666,2802270462821,2802270485625,2802270508723,2802285352939,2802293453728,4000,124946,2802293453728,2802285791643,0,2802285352939,
0,157052,2802276673797,2802276673797,-222218523,2802276895653,2802277459121,2802277888068,2802277923333,2802326673795,2802276892225,16666666,2802278125412,2802285832423,2802285857022,2802300300964,2802310106887,2513,117862,2802310106887,2802300775606,0,2802300300964,
0,157060,2802293340463,2802293340463,-750560334,2802293516210,2802294108967,2802294492389,2802294521550,2802343340461,2802293513080,16666666,2802294646791,2802300813563,2802300835289,2802314483268,2802326818697,3212,110175,2802326818697,2802314884714,0,2802314483268,
0,157068,2802310007129,2802310007129,-1004319841,2802310175420,2802310983621,2802311642763,2802311687668,2802360007127,2802310172837,16666666,2802311856056,2802314923422,2802314944878,2802329429180,2802343478700,6848,473267,2802343478700,2802330506984,0,2802329429180,
0,157076,2802326673795,2802326673795,-957785293,2802326914382,2802327457695,2802328469699,2802328498543,2802376673793,2802326910929,16666666,2802328662187,2802330590322,2802330659617,2802347692370,2802360164319,3301,329088,2802360164319,2802348494477,0,2802347692370,
0,157084,2802343340461,2802343340461,-260461528,2802343563428,2802344052550,2802345204535,2802345235009,2802393340459,2802343560206,16666666,2802345425258,2802348555914,2802348616151,2802365447438,2802376781304,10747,461219,2802376781304,2802366448899,0,2802365447438,
0,157092,2802360007127,2802360007127,-899381997,2802360284813,2802360302494,2802364861717,2802364903383,2802410007125,2802360280379,16666666,2802365052181,2802366517235,2802366566573,2802381739390,2802393481574,3039,281914,2802393481574,2802382442440,0,2802381739390,
0,157100,2802376673793,2802376673793,0,2802376839337,2802376839891,2802378531906,2802378557520,2802426673791,2802376837025,16666666,2802378674681,2802382485902,2802382517376,2802397205875,2802410138834,3524,165675,2802410138834,2802397751198,0,2802397205875,
0,157108,2802393340459,2802393340459,-883692075,2802393537869,2802393913582,2802395561982,2802395637370,2802443340457,2802393535339,16666666,2802395880820,2802397800534,2802397834287,2802412654937,2802426802178,2275,117401,2802426802178,2802413080728,0,2802412654937,
0,157124,2802426673791,2802426673791,-715991773,2802426887474,2802427502659,2802427754841,2802427782989,2802460007123,2802426884506,16666666,2802427936030,2802427964438,2802428010607,2802441661063,2802448045718,2431,107430,2802448045718,2802442038724,0,2802441661063,
0,157132,2802443340457,2802443340457,-1068842007,2802443602375,2802444187388,2802444818125,2802444840618,2802476673789,2802443597910,16666666,2802444947838,2802444967040,2802444992850,2802460810351,2802476822529,3808,106195,2802476822529,2802461294255,0,2802460810351,
0,157139,2802460007123,2802460007123,-659076563,2802460250696,2802460603293,2802461066134,2802461090686,2802510007121,2802460247434,16666666,2802461211119,2802461315142,2802461334141,2802476664128,2802493496350,8439036,237072,2802493496350,2802486266026,0,2802476664128,
0,157147,2802476673789,2802476673789,-849789415,2802476908448,2802477332595,2802478031950,2802478075674,2802526673787,2802476904996,16666666,2802478279870,2802486310421,2802486346064,2802500133307,2802510126859,28094,456260,2802510126859,2802501213463,0,2802500133307,
0,157155,2802493340455,2802493340455,-843321210,2802493558817,2802493911694,2802494286718,2802494309792,2802543340453,2802493556031,16666666,2802494430560,2802501301180,2802501358501,2802515369056,2802526827360,2314,186960,2802526827360,2802515825826,0,2802515369056,
0,157163,2802510007121,2802510007121,-342026615,2802510191038,2802510602429,2802511312700,2802511343061,2802560007119,2802510188310,16666666,2802511466573,2802515859574,2802515879873,2802529457865,2802543450111,3108,219975,2802543450111,2802530006931,0,2802529457865,
0,157171,2802526673787,2802526673787,-252690350,2802526908980,2802527437710,2802528135317,2802528167098,2802576673785,2802526904737,16666666,2802528327929,2802530046342,2802530078675,2802545026355,2802559707984,2478,237084,2802559707984,2802545729806,0,2802545026355,
0,157179,2802543340453,2802543340453,-1054377648,2802543518824,2802543886109,2802544478559,2802544517233,2802593340451,2802543516285,16666666,2802544640484,2802545769975,2802545796452,2802559295894,2802576793738,4258401,172730,2802576793738,2802564056173,0,2802559295894,
0,157187,2802560007119,2802560007119,-724693646,2802560171110,2802560630989,2802561023508,2802561077574,2802610007117,2802560168458,16666666,2802561197030,2802564094494,2802564127245,2802578875287,2802593458834,3762,170492,2802593458834,2802579293451,0,2802578875287,
0,157195,2802576673785,2802576673785,-257545382,2802576885738,2802577305961,2802577995001,2802578025802,2802626673783,2802576882823,16666666,2802578330662,2802579324300,2802579345094,2802594808965,2802609901946,23709,270564,2802609901946,2802595498912,0,2802594808965,
0,157203,2802593340451,2802593340451,-724623080,2802593542481,2802593972927,2802595170363,2802595208310,2802643340449,2802593539040,16666666,2802595377997,2802595545009,2802595588007,2802609311858,2802626784137,4083679,216361,2802626784137,2802614069365,0,2802609311858,
0,157211,2802610007117,2802610007117,-6236206,2802610236303,2802610814908,2802611908591,2802611935978,2802660007115,2802610231867,16666666,2802612087020,2802614114644,2802614144028,2802629168554,2802643461281,2705,112335,2802643461281,2802630122498,0,2802629168554,
0,157219,2802626673783,2802626673783,-365220094,2802626856470,2802627271307,2802627757656,2802627784128,2802676673781,2802626853534,16666666,2802627936007,2802630169529,2802630200472,2802646712455,2802660106561,3091,155786,2802660106561,2802647148570,0,2802646712455,
0,157227,2802643340449,2802643340449,-448506577,2802643530406,2802643930824,2802644594798,2802644642962,2802693340447,2802643527264,16666666,2802644846042,2802647193487,2802647219401,2802662503695,2802676780594,3387,121455,2802676780594,2802662923541,0,2802662503695,
0,157235,2802660007115,2802660007115,-821918240,2802660167273,2802660699416,2802660967114,2802660989283,2802710007113,2802660164938,16666666,2802661091631,2802662959378,2802662979249,2802676560913,2802693459345,4233908,96575,2802693459345,2802681205655,0,2802676560913,
0,157243,2802676673781,2802676673781,-423366806,2802676829329,2802677278780,2802677739315,2802677762615,2802726673779,2802676826331,16666666,2802677862897,2802681249439,2802681291591,2802695748993,2802709674359,2534,118184,2802709674359,2802696193876,0,2802695748993,
0,157251,2802693340447,2802693340447,-167916956,2802693531582,2802693956736,2802694510813,2802694538513,2802743340445,2802693528895,16666666,2802694669007,2802696232382,2802696264119,2802709371195,2802726776833,3790171,93958,2802726776833,2802713538599,0,2802709371195,
0,157259,2802710007113,2802710007113,-721383728,2802710158814,2802710525180,2802710810943,2802710836043,2802760007111,2802710155937,16666666,2802710954740,2802713601984,2802713652622,2802729661833,2802743460123,39268,166187,2802743460123,2802730318825,0,2802729661833,
0,157267,2802726673779,2802726673779,-30104583,2802726832698,2802727189188,2802727830297,2802727864713,2802776673777,2802726830429,16666666,2802728061587,2802730366894,2802730404267,2802744924144,2802760159021,2606,109056,2802760159021,2802745335616,0,2802744924144,
0,157275,2802743340445,2802743340445,-239877490,2802743529937,2802743919257,2802745518086,2802745549885,2802793340443,2802743527032,16666666,2802745682478,2802745699485,2802745730591,2802760402597,2802776788956,6555492,111626,2802776788956,2802767450369,0,2802760402597,
0,157283,2802760007111,2802760007111,-57424976,2802760216859,2802760229069,2802764650144,2802764802914,2802810007109,2802760213610,16666666,2802765013147,2802767509014,2802767560540,2802784139434,2802793443509,3330,120542,2802793443509,2802784595262,0,2802784139434,
0,157291,2802776673777,2802776673777,-758732357,2802776906665,2802776975986,2802777583243,2802777644184,2802826673775,2802776903000,16666666,2802777860206,2802784642413,2802784670340,2802798452774,2802810149407,2381,107133,2802810149407,2802798802353,0,2802798452774,
0,157314,2802826673775,2802826673775,-904278239,2802826862877,2802827238137,2802827705281,2802827725985,2802843340441,2802826859981,16666666,2802827845529,2802827860762,2802827889944,2802842266375,2802846167604,2469,95544,2802846167604,2802842723298,0,2802842266375,
0,157322,2802843340441,2802843340441,-791463440,2802843498468,2802843964239,2802844640957,2802844663755,2802876673773,2802843496059,16666666,2802844772019,2802844794029,2802844816592,2802858629195,2802862770383,3453,142624,2802862770383,2802859178017,0,2802858629195,
0,157330,2802860007107,2802860007107,-5529552,2802860222669,2802860671627,2802861036646,2802861064290,2802893340439,2802860218757,16666666,2802861206204,2802861232418,2802861301261,2802875653982,2802884036416,2870,102284,2802884036416,2802876210765,0,2802875653982,
0,157338,2802876673773,2802876673773,-496447530,2802876816169,2802877231828,2802877906806,2802877932208,2802910007105,2802876813517,16666666,2802878037584,2802878054064,2802878077969,2802893640948,2802909412696,2868,94965,2802909412696,2802894038630,0,2802893640948,
0,157345,2802893340439,2802893340439,-230650780,2802893493157,2802893808751,2802894163694,2802894184565,2802926673771,2802893490795,16666666,2802894293260,2802894311499,2802894333482,2802908968769,2802926765249,6313562,136298,2802926765249,2802915788800,0,2802908968769,
0,157353,2802910007105,2802910007105,-149258134,2802910212381,2802910627864,2802910994420,2802911018246,2802960007103,2802910209303,16666666,2802911134965,2802915831425,2802915863746,2802930215331,2802943440557,2751,110845,2802943440557,2802930615718,0,2802930215331,
0,157361,2802926673771,2802926673771,-650859446,2802926840375,2802927556150,2802928729586,2802928752287,2802976673769,2802926837613,16666666,2802928863553,2802930647572,2802930670588,2802943584251,2802960097055,6587962,105135,2802960097055,2802950656864,0,2802943584251,
0,157369,2802943340437,2802943340437,-593482096,2802943560261,2802944188033,2802944593458,2802944615387,2802993340435,2802943556047,16666666,2802944748266,2802950696675,2802950723518,2802963821734,2802976773872,2959,134921,2802976773872,2802964240438,0,2802963821734,
0,157377,2802960007103,2802960007103,-886821510,2802960153605,2802960607134,2802960939611,2802960961098,2803010007101,2802960151198,16666666,2802961061294,2802964308013,2802964338092,2802977688733,2802992776685,3763,135612,2802992776685,2802978100949,0,2802977688733,
0,157385,2802976673769,2802976673769,-713612698,2802976821672,2802977145294,2802978136012,2802978165234,2803026673767,2802976819252,16666666,2802978318960,2802978341374,2802978374459,2802992436988,2803010108422,4036654,99091,2803010108422,2802996885187,0,2802992436988,
0,157393,2802993340435,2802993340435,-902986104,2802993500179,2802993906515,2802994311777,2802994339349,2803043340433,2802993496711,16666666,2802994469718,2802996918786,2802996946779,2803010208321,2803026784341,6172606,94722,2803026784341,2803016866566,0,2803010208321,
0,157401,2803010007101,2803010007101,-771502118,2803010155187,2803010701916,2803011015717,2803011036007,2803060007099,2803010151848,16666666,2803011128299,2803016908688,2803016936761,2803030152752,2803043442862,2468,129996,2803043442862,2803030632237,0,2803030152752,
0,157409,2803026673767,2803026673767,-632520356,2803026850699,2803027336559,2803028061525,2803028138273,2803076673765,2803026847724,16666666,2803028276134,2803030673243,2803030698720,2803044144731,2803060112241,5931058,82370,2803060112241,2803050462661,0,2803044144731,
0,157417,2803043340433,2803043340433,-901200038,2803043492592,2803043977486,2803044306869,2803044330599,2803093340431,2803043489800,16666666,2803044446183,2803050517897,2803050544511,2803063564900,2803076814759,2470,105203,2803076814759,2803063942044,0,2803063564900,
0,157425,2803060007099,2803060007099,-67763177,2803060170693,2803060601187,2803061480788,2803061514981,2803110007097,2803060168290,16666666,2803061661387,2803063974599,2803063994856,2803077580683,2803091776102,30379,119067,2803091776102,2803078167420,0,2803077580683,
0,157433,2803076673765,2803076673765,-61525583,2803076893517,2803077305566,2803077898201,2803077929496,2803126673763,2803076889795,16666666,2803078076694,2803078196480,2803078225149,2803091297200,2803108612325,3489835,219845,2803108612325,2803095330609,0,2803091297200,
0,157441,2803093340431,2803093340431,-398142025,2803093535770,2803093923958,2803094738117,2803094763416,2803143340429,2803093533222,16666666,2803094892629,2803095355002,2803095376920,2803108220308,2803126572210,3517321,172119,2803126572210,2803112201766,0,2803108220308,
0,157449,2803110007097,2803110007097,-96816980,2803110212085,2803110714200,2803112136535,2803112170894,2803160007095,2803110208568,16666666,2803112387999,2803112411850,2803112435855,2803126148517,2803143420100,3359441,113144,2803143420100,2803130005563,0,2803126148517,
0,157457,2803126673763,2803126673763,-89718774,2803126832855,2803127277648,2803128018150,2803128045041,2803176673761,2803126829639,16666666,2803128169231,2803130042605,2803130074451,2803144598974,2803160094212,94989,137263,2803160094212,2803145310958,0,2803144598974,
0,157465,2803143340429,2803143340429,-469605468,2803143569583,2803143578761,2803145263312,2803145304186,2803160007095,2803143566947,16666666,2803145459751,2803145481176,2803145718589,2803160258352,2801060068409,5088261,159773,2801060068409,2803166093389,0,2803160258352,
---PROFILEDATA---


View hierarchy:

  com.pocketengineer.app/com.pocketengineer.app.MainActivity/android.view.ViewRootImpl@3ab576a
  7 views, 15.58 kB of render nodes


Total ViewRootImpl   : 1
Total attached Views : 7
Total RenderNode     : 15.58 kB (used) / 51.12 kB (capacity)

