Applications Graphics Acceleration Info:
Uptime: 2807697 Realtime: 2807697

** Graphics info for pid 5584 [com.pocketengineer.app] **

Stats since: 2803216164814ns
Total frames rendered: 259
Janky frames: 13 (5.02%)
Janky frames (legacy): 244 (94.21%)
50th percentile: 34ms
90th percentile: 38ms
95th percentile: 46ms
99th percentile: 53ms
Number Missed Vsync: 0
Number High input latency: 491
Number Slow UI thread: 5
Number Slow bitmap uploads: 0
Number Slow issue draw commands: 13
Number Frame deadline missed: 13
Number Frame deadline missed (legacy): 13
HISTOGRAM: 5ms=0 6ms=0 7ms=0 8ms=0 9ms=0 10ms=0 11ms=0 12ms=0 13ms=0 14ms=0 15ms=0 16ms=0 17ms=0 18ms=0 19ms=0 20ms=0 21ms=0 22ms=3 23ms=7 24ms=4 25ms=5 26ms=2 27ms=13 28ms=8 29ms=10 30ms=7 31ms=10 32ms=38 34ms=64 36ms=59 38ms=9 40ms=5 42ms=1 44ms=1 46ms=1 48ms=8 53ms=2 57ms=0 61ms=2 65ms=0 69ms=0 73ms=0 77ms=0 81ms=0 85ms=0 89ms=0 93ms=0 97ms=0 101ms=0 105ms=0 109ms=0 113ms=0 117ms=0 121ms=0 125ms=0 129ms=0 133ms=0 150ms=0 200ms=0 250ms=0 300ms=0 350ms=0 400ms=0 450ms=0 500ms=0 550ms=0 600ms=0 650ms=0 700ms=0 750ms=0 800ms=0 850ms=0 900ms=0 950ms=0 1000ms=0 1050ms=0 1100ms=0 1150ms=0 1200ms=0 1250ms=0 1300ms=0 1350ms=0 1400ms=0 1450ms=0 1500ms=0 1550ms=0 1600ms=0 1650ms=0 1700ms=0 1750ms=0 1800ms=0 1850ms=0 1900ms=0 1950ms=0 2000ms=0 2050ms=0 2100ms=0 2150ms=0 2200ms=0 2250ms=0 2300ms=0 2350ms=0 2400ms=0 2450ms=0 2500ms=0 2550ms=0 2600ms=0 2650ms=0 2700ms=0 2750ms=0 2800ms=0 2850ms=0 2900ms=0 2950ms=0 3000ms=0 3050ms=0 3100ms=0 3150ms=0 3200ms=0 3250ms=0 3300ms=0 3350ms=0 3400ms=0 3450ms=0 3500ms=0 3550ms=0 3600ms=0 3650ms=0 3700ms=0 3750ms=0 3800ms=0 3850ms=0 3900ms=0 3950ms=0 4000ms=0 4050ms=0 4100ms=0 4150ms=0 4200ms=0 4250ms=0 4300ms=0 4350ms=0 4400ms=0 4450ms=0 4500ms=0 4550ms=0 4600ms=0 4650ms=0 4700ms=0 4750ms=0 4800ms=0 4850ms=0 4900ms=0 4950ms=0
50th gpu percentile: 12ms
90th gpu percentile: 17ms
95th gpu percentile: 18ms
99th gpu percentile: 19ms
GPU HISTOGRAM: 1ms=0 2ms=0 3ms=0 4ms=2 5ms=18 6ms=12 7ms=16 8ms=16 9ms=17 10ms=19 11ms=24 12ms=28 13ms=25 14ms=21 15ms=19 16ms=14 17ms=13 18ms=10 19ms=3 20ms=0 21ms=0 22ms=0 23ms=0 24ms=0 25ms=0 4950ms=2

Pipeline=Skia (OpenGL)
Memory policy:
  Max surface area: 2073600
  Max resource usage: 99.53MB (x48)
  Background retention: 50% (altUiHidden = true)
  GPU Context timeout: 10
Contexts: 1 (stopped = 0)
CPU Caches:
  Glyph Cache: 0.00 bytes (1 entry)
  Glyph Count: 0 
Total CPU memory usage:
  0 bytes, 0.00 bytes (0.00 bytes is purgeable)
GPU Caches:
  Other:
    Other: 0.00 bytes (1 entry)
  Scratch:
    RenderTarget: 7.44 MB (1 entry)
    Buffer Object: 80.00 KB (2 entries)
Total GPU memory usage:
  7880704 bytes, 7.52 MB (7.47 MB is purgeable)

GraphicBufferAllocator buffers:
        Handle |        Size |     W (Stride) x H | Layers |   Format |      Usage | Requestor
0x757158fa5070 |     unknown | 1080 (   0) x 1920 |      1 |        1 | 0x     b00 | VRI[MainActivity]#0(BLAST Consumer)0
0x757158fb1ca0 |     unknown | 1080 (   0) x 1920 |      1 |        1 | 0x     b00 | VRI[MainActivity]#0(BLAST Consumer)0
0x757158fb1ee0 |     unknown | 1080 (   0) x 1920 |      1 |        1 | 0x     b00 | VRI[MainActivity]#0(BLAST Consumer)0
Total allocated by GraphicBufferAllocator (estimate): 0.00 KB
GoldfishAllocator::dumpDebugInfo is not implemented
Profile data in ms:

	com.pocketengineer.app/com.pocketengineer.app.MainActivity/android.view.ViewRootImpl@3ab576a (visibility=0)
Window: com.pocketengineer.app/com.pocketengineer.app.MainActivity
Stats since: 2803216164578ns
Total frames rendered: 259
Janky frames: 13 (5.02%)
Janky frames (legacy): 244 (94.21%)
50th percentile: 34ms
90th percentile: 38ms
95th percentile: 46ms
99th percentile: 53ms
Number Missed Vsync: 0
Number High input latency: 491
Number Slow UI thread: 5
Number Slow bitmap uploads: 0
Number Slow issue draw commands: 13
Number Frame deadline missed: 13
Number Frame deadline missed (legacy): 13
HISTOGRAM: 5ms=0 6ms=0 7ms=0 8ms=0 9ms=0 10ms=0 11ms=0 12ms=0 13ms=0 14ms=0 15ms=0 16ms=0 17ms=0 18ms=0 19ms=0 20ms=0 21ms=0 22ms=3 23ms=7 24ms=4 25ms=5 26ms=2 27ms=13 28ms=8 29ms=10 30ms=7 31ms=10 32ms=38 34ms=64 36ms=59 38ms=9 40ms=5 42ms=1 44ms=1 46ms=1 48ms=8 53ms=2 57ms=0 61ms=2 65ms=0 69ms=0 73ms=0 77ms=0 81ms=0 85ms=0 89ms=0 93ms=0 97ms=0 101ms=0 105ms=0 109ms=0 113ms=0 117ms=0 121ms=0 125ms=0 129ms=0 133ms=0 150ms=0 200ms=0 250ms=0 300ms=0 350ms=0 400ms=0 450ms=0 500ms=0 550ms=0 600ms=0 650ms=0 700ms=0 750ms=0 800ms=0 850ms=0 900ms=0 950ms=0 1000ms=0 1050ms=0 1100ms=0 1150ms=0 1200ms=0 1250ms=0 1300ms=0 1350ms=0 1400ms=0 1450ms=0 1500ms=0 1550ms=0 1600ms=0 1650ms=0 1700ms=0 1750ms=0 1800ms=0 1850ms=0 1900ms=0 1950ms=0 2000ms=0 2050ms=0 2100ms=0 2150ms=0 2200ms=0 2250ms=0 2300ms=0 2350ms=0 2400ms=0 2450ms=0 2500ms=0 2550ms=0 2600ms=0 2650ms=0 2700ms=0 2750ms=0 2800ms=0 2850ms=0 2900ms=0 2950ms=0 3000ms=0 3050ms=0 3100ms=0 3150ms=0 3200ms=0 3250ms=0 3300ms=0 3350ms=0 3400ms=0 3450ms=0 3500ms=0 3550ms=0 3600ms=0 3650ms=0 3700ms=0 3750ms=0 3800ms=0 3850ms=0 3900ms=0 3950ms=0 4000ms=0 4050ms=0 4100ms=0 4150ms=0 4200ms=0 4250ms=0 4300ms=0 4350ms=0 4400ms=0 4450ms=0 4500ms=0 4550ms=0 4600ms=0 4650ms=0 4700ms=0 4750ms=0 4800ms=0 4850ms=0 4900ms=0 4950ms=0
50th gpu percentile: 12ms
90th gpu percentile: 17ms
95th gpu percentile: 18ms
99th gpu percentile: 19ms
GPU HISTOGRAM: 1ms=0 2ms=0 3ms=0 4ms=2 5ms=18 6ms=12 7ms=16 8ms=16 9ms=17 10ms=19 11ms=24 12ms=28 13ms=25 14ms=21 15ms=19 16ms=14 17ms=13 18ms=10 19ms=3 20ms=0 21ms=0 22ms=0 23ms=0 24ms=0 25ms=0 4950ms=2



---PROFILEDATA---
Flags,FrameTimelineVsyncId,IntendedVsync,Vsync,InputEventId,HandleInputStart,AnimationStart,PerformTraversalsStart,DrawStart,FrameDeadline,FrameInterval,FrameStartTime,SyncQueued,SyncStart,IssueDrawCommandsStart,SwapBuffers,FrameCompleted,DequeueBufferDuration,QueueBufferDuration,GpuCompleted,SwapBuffersCompleted,DisplayPresentTime,CommandSubmissionCompleted,
0,158630,2805660006995,2805660006995,-842578168,2805669269714,2805669270196,2805670579435,2805670608253,2805726673659,2805669268033,16666666,2805670756228,2805682820740,2805682864224,2805696354768,2805710110169,2583,114307,2805710110169,2805696783407,0,2805696354768,
0,158638,2805676673661,2805676673661,-311665743,2805683615435,2805683955339,2805684792390,2805684821962,2805743340325,2805683613472,16666666,2805684978831,2805696833539,2805696868846,2805710539202,2805726819552,7969138,145476,2805726819552,2805719166125,0,2805710539202,
0,158646,2805693340327,2805693340327,-173721117,2805697109221,2805697501760,2805697828455,2805697857802,2805760006991,2805697107127,16666666,2805698139135,2805719202601,2805719251315,2805733427872,2805743555353,2773,102655,2805743555353,2805733893958,0,2805733427872,
0,158654,2805710006993,2805710006993,-249050820,2805719827759,2805720084379,2805720388876,2805720406890,2805776673657,2805719825934,16666666,2805720520577,2805733943578,2805733972707,2805749912063,2805760407646,3493,131902,2805760407646,2805750359472,0,2805749912063,
0,158662,2805726673659,2805726673659,-445694083,2805734447798,2805734717262,2805735263810,2805735288460,2805793340323,2805734445632,16666666,2805735474391,2805750405393,2805750436533,2805765277505,2805776825387,2196,97915,2805776825387,2805765655299,0,2805765277505,
0,158670,2805743340325,2805743340325,-827130533,2805750732980,2805751050573,2805751620890,2805751643022,2805810006989,2805750731373,16666666,2805751827936,2805765686201,2805765708589,2805786988626,2805793445761,2405,108410,2805793445761,2805787386263,0,2805786988626,
0,158678,2805760006991,2805760006991,-883788948,2805765931866,2805766195752,2805766554815,2805766572216,2805826673655,2805765930555,16666666,2805766685984,2805787421154,2805787444701,2805800893930,2805810111269,2877,137553,2805810111269,2805801301766,0,2805800893930,
0,158686,2805776673657,2805776673657,-543455577,2805787786420,2805788117589,2805788534441,2805788553953,2805843340321,2805787783823,16666666,2805788666389,2805801340083,2805801380447,2805814737051,2805826787648,2966,107816,2805826787648,2805815243949,0,2805814737051,
0,158694,2805793340323,2805793340323,-44814660,2805801673626,2805801990692,2805802497421,2805802524769,2805860006987,2805801671205,16666666,2805802670368,2805815282664,2805815304159,2805829017352,2805843439313,2189,101033,2805843439313,2805829416240,0,2805829017352,
0,158702,2805810006989,2805810006989,-294509197,2805815555082,2805815863636,2805816607472,2805816630050,2805876673653,2805815552851,16666666,2805816765550,2805829455890,2805829476400,2805844226243,2805860255200,8863856,148269,2805860255200,2805853512268,0,2805844226243,
0,158710,2805826673655,2805826673655,-353541900,2805829767120,2805830098167,2805830491260,2805830513013,2805893340319,2805829764891,16666666,2805830651600,2805853553774,2805853586723,2805869081944,2805876763650,2482,120158,2805876763650,2805869533918,0,2805869081944,
0,158718,2805843340321,2805843340321,-464100481,2805853889190,2805854191883,2805854622201,2805854639196,2805910006985,2805853887581,16666666,2805854767975,2805869573703,2805869595961,2805883353027,2805893453541,2689,112610,2805893453541,2805883774550,0,2805883353027,
0,158726,2805860006987,2805860006987,-756391703,2805869850499,2805870136023,2805870620668,2805870649219,2805926673651,2805869848352,16666666,2805870789465,2805883811867,2805883833839,2805899814446,2805910147457,2270,84295,2805910147457,2805900187213,0,2805899814446,
0,158734,2805876673653,2805876673653,-905841174,2805884126537,2805884527595,2805884982208,2805885002190,2805943340317,2805884125081,16666666,2805885157069,2805900234508,2805900259488,2805914619298,2805926784227,3674,137735,2805926784227,2805915075031,0,2805914619298,
0,158742,2805893340319,2805893340319,-357454394,2805900993131,2805901502666,2805901985507,2805902010794,2805960006983,2805900990203,16666666,2805902338316,2805915123598,2805915160720,2805930260861,2805943557446,2984,142052,2805943557446,2805930805267,0,2805930260861,
0,158750,2805910006985,2805910006985,-63634643,2805915653093,2805916205689,2805916889765,2805916923969,2805976673649,2805915648732,16666666,2805917095064,2805930844187,2805930865558,2805949006429,2805960120816,6146,229530,2805960120816,2805949633730,0,2805949006429,
0,158758,2805926673651,2805926673651,-545828788,2805931164214,2805931463854,2805931798778,2805931818477,2805993340315,2805931161819,16666666,2805931999664,2805949715528,2805949768257,2805964865088,2805976798593,4456,170796,2805976798593,2805965407226,0,2805964865088,
0,158766,2805943340317,2805943340317,-74565091,2805950306843,2805951011274,2805952508671,2805952552503,2806010006981,2805950303192,16666666,2805952845421,2805965456320,2805965492667,2805981973909,2805993447464,2610,134574,2805993447464,2805982473329,0,2805981973909,
0,158774,2805960006983,2805960006983,-283706234,2805965856709,2805966396343,2805967168698,2805967252238,2806026673647,2805965853461,16666666,2805967550467,2805982523355,2805982546460,2805996370483,2806010132286,2993,174100,2806010132286,2805997112160,0,2805996370483,
0,158782,2805976673649,2805976673649,-129995528,2805982949155,2805983503097,2805983935508,2805983966166,2806043340313,2805982947044,16666666,2805984142786,2805997174217,2805997210912,2806011680971,2806026986441,5578,189472,2806026986441,2806012296138,0,2806011680971,
0,158790,2805993340315,2805993340315,-85502117,2805997545606,2805998055261,2806000084447,2806000141832,2806060006979,2805997542164,16666666,2806000447880,2806012373112,2806012437791,2806027355925,2806043452285,8461765,100684,2806043452285,2806036494762,0,2806027355925,
0,158798,2806010006981,2806010006981,-323910507,2806013032967,2806013527803,2806014051320,2806014085852,2806076673645,2806013029605,16666666,2806014363538,2806036568585,2806036613031,2806051290870,2806060093385,3242,128685,2806060093385,2806051763737,0,2806051290870,
0,158806,2806026673647,2806026673647,-1054535365,2806036992058,2806037449113,2806038060586,2806038076717,2806093340311,2806036990191,16666666,2806038174472,2806051836282,2806051869196,2806068341830,2806076776928,2482,113512,2806076776928,2806068827721,0,2806068341830,
0,158814,2806043340313,2806043340313,-18425815,2806052700699,2806052706493,2806054178602,2806054253845,2806110006977,2806052699342,16666666,2806054511215,2806068891824,2806068925112,2806083422594,2806093471015,2273,111777,2806093471015,2806083778912,0,2806083422594,
0,158822,2806060006979,2806060006979,0,2806069518377,2806069518751,2806069970744,2806069993492,2806126673643,2806069516141,16666666,2806070126879,2806083817891,2806083843922,2806097927790,2806110156936,2465,110148,2806110156936,2806098405130,0,2806097927790,
0,158830,2806076673645,2806076673645,-775244347,2806084570716,2806084571208,2806085142863,2806085160591,2806143340309,2806084568045,16666666,2806085306249,2806098439222,2806098461502,2806112530387,2806128869679,2861,117846,2806128869679,2806112948021,0,2806112530387,
0,158838,2806093340311,2806093340311,-758181147,2806098899712,2806099128815,2806099761275,2806099781802,2806160006975,2806098897037,16666666,2806099906496,2806112988603,2806113011881,2806128947311,2806143468754,5819079,112215,2806143468754,2806135277946,0,2806128947311,
0,158846,2806110006977,2806110006977,-750874196,2806113249209,2806113712907,2806114608358,2806114639858,2806176673641,2806113245741,16666666,2806114788910,2806135338962,2806135388719,2806149562686,2806160101179,2233,105647,2806160101179,2806150050180,0,2806149562686,
0,158854,2806126673643,2806126673643,-428832492,2806136061078,2806136379595,2806137692340,2806137717347,2806193340307,2806136055676,16666666,2806137882896,2806150088315,2806150110520,2806163936821,2806176807429,2336,113535,2806176807429,2806164347323,0,2806163936821,
0,158862,2806143340309,2806143340309,-898568167,2806150730838,2806151455596,2806151822030,2806151852055,2806210006973,2806150728712,16666666,2806152077637,2806164396148,2806164415651,2806181693729,2806193441648,2182,115230,2806193441648,2806182125325,0,2806181693729,
0,158870,2806160006975,2806160006975,-894015990,2806165148188,2806165519595,2806166329264,2806166348510,2806226673639,2806165028100,16666666,2806166556322,2806182163515,2806182195015,2806196523898,2806210125638,2569,109171,2806210125638,2806196926331,0,2806196523898,
0,158878,2806176673641,2806176673641,-275692816,2806184242789,2806184648307,2806185298866,2806185328584,2806243340305,2806184239458,16666666,2806185481535,2806196968010,2806196989812,2806212792280,2806226783105,10817,115475,2806226783105,2806215808070,0,2806212792280,
0,158886,2806193340307,2806193340307,-920494072,2806197228317,2806197553678,2806198044609,2806198079100,2806260006971,2806197226243,16666666,2806198284522,2806215868200,2806215918775,2806231437018,2806243475836,4027,117547,2806243475836,2806231876213,0,2806231437018,
0,158894,2806210006973,2806210006973,-686876880,2806216439214,2806216993375,2806217566949,2806217588921,2806276673637,2806216436069,16666666,2806217724061,2806231911155,2806231933308,2806248196201,2806260122879,4056,139901,2806260122879,2806248669001,0,2806248196201,
0,158902,2806226673639,2806226673639,-228123303,2806232175672,2806232551693,2806233019179,2806233053656,2806293340303,2806232173982,16666666,2806233262428,2806248730295,2806248757192,2806264970244,2806276866794,10859,309630,2806276866794,2806266875901,0,2806264970244,
0,158910,2806243340305,2806243340305,-448682909,2806249333649,2806249792124,2806250341814,2806250418801,2806310006969,2806249331164,16666666,2806250602676,2806267001376,2806267077103,2806284517482,2806293462873,5876,296835,2806293462873,2806285484462,0,2806284517482,
0,158918,2806260006971,2806260006971,-417783996,2806268397988,2806269896105,2806270868719,2806270933278,2806326673635,2806268391356,16666666,2806271316563,2806285586225,2806285666061,2806302680339,2806310120362,6697,135784,2806310120362,2806303283365,0,2806302680339,
0,158926,2806276673637,2806276673637,-272770459,2806286302239,2806287231229,2806288302514,2806288347355,2806343340301,2806286297950,16666666,2806288525488,2806303340449,2806303375589,2806317389691,2806326813510,5479,185693,2806326813510,2806317922240,0,2806317389691,
0,158934,2806293340303,2806293340303,-426274326,2806303649817,2806304123409,2806305138677,2806305164071,2806360006967,2806303647469,16666666,2806305310824,2806317998543,2806318042971,2806333727265,2806343556402,3084,110879,2806343556402,2806335085603,0,2806333727265,
0,158942,2806310006969,2806310006969,-237147652,2806318649237,2806319382084,2806319961732,2806319992348,2806376673633,2806318642819,16666666,2806320434491,2806335126388,2806335148353,2806351169946,2806360203877,3713,109689,2806360203877,2806351962585,0,2806351169946,
0,158950,2806326673635,2806326673635,-273584367,2806335418779,2806335720135,2806336055823,2806336077208,2806393340299,2806335416766,16666666,2806336192315,2806352019552,2806352045924,2806366238863,2806376784069,6089,224604,2806376784069,2806367279211,0,2806366238863,
0,158958,2806343340301,2806343340301,-137215039,2806352342406,2806352771463,2806353267415,2806353293303,2806410006965,2806352339658,16666666,2806353443355,2806367345056,2806367382325,2806382345086,2806393493417,2710,126294,2806393493417,2806382766826,0,2806382345086,
0,158966,2806360006967,2806360006967,-57090107,2806367879110,2806368261532,2806368784416,2806368813443,2806426673631,2806367877228,16666666,2806368964784,2806382813502,2806382839947,2806396683984,2806410140934,2740,106464,2806410140934,2806397163960,0,2806396683984,
0,158974,2806376673633,2806376673633,-626044192,2806383176091,2806383548772,2806384099379,2806384127976,2806443340297,2806383173855,16666666,2806384287373,2806397208253,2806397272919,2806411966166,2806426820727,4176,142505,2806426820727,2806412620995,0,2806411966166,
0,158982,2806393340299,2806393340299,-62270922,2806397529258,2806397861668,2806398256271,2806398294469,2806460006963,2806397526988,16666666,2806398412920,2806412674612,2806412716193,2806431607088,2806443514069,3366,163571,2806443514069,2806432173963,0,2806431607088,
0,158990,2806410006965,2806410006965,-312098548,2806413273346,2806413649712,2806414076951,2806414100819,2806476673629,2806413270243,16666666,2806414324902,2806432227633,2806432259291,2806447649204,2806460107974,3111,199430,2806460107974,2806448292424,0,2806447649204,
0,158998,2806426673631,2806426673631,-467871572,2806433015182,2806433484897,2806434594096,2806434623364,2806493340295,2806433012173,16666666,2806434783220,2806448360461,2806448414824,2806467692915,2806476819834,6279,240406,2806476819834,2806468372618,0,2806467692915,
0,159006,2806443340297,2806443340297,-941941523,2806449521314,2806449528380,2806451438834,2806451501973,2806510006961,2806449518145,16666666,2806451802107,2806468510485,2806468564020,2806489783990,2806494154000,3248,182126,2806494154000,2806490413491,0,2806489783990,
0,159014,2806460006963,2806460006963,0,2806469147326,2806469148189,2806470110983,2806470161156,2806526673627,2806469143550,16666666,2806470441693,2806490462815,2806490491601,2806504723533,2806510145133,3069,119118,2806510145133,2806505174150,0,2806504723533,
0,159022,2806476673629,2806476673629,-240081203,2806491637131,2806491638435,2806495087921,2806495126597,2806543340293,2806491631442,16666666,2806495353287,2806505233854,2806505265354,2806522043368,2806526844974,3429,141686,2806526844974,2806522494292,0,2806522043368,
0,159030,2806493340295,2806493340295,0,2806506379157,2806506502170,2806506963358,2806507006878,2806560006959,2806506372117,16666666,2806507198192,2806522535303,2806522558820,2806538578313,2806543500413,2439,112459,2806543500413,2806538974544,0,2806538578313,
0,159046,2806526673627,2806526673627,-865722227,2806526930404,2806527023318,2806528268188,2806528304602,2806576673625,2806526926847,16666666,2806528448091,2806539010115,2806539029228,2806554791943,2806560526381,2741,111688,2806560526381,2806555231485,0,2806554791943,
0,159054,2806543340293,2806543340293,-18320152,2806543653626,2806544543156,2806546851803,2806546908499,2806593340291,2806543648114,16666666,2806547115462,2806555268286,2806555290268,2806571288143,2806576872139,2653,121246,2806576872139,2806571731369,0,2806571288143,
0,159062,2806560006959,2806560006959,-761745172,2806560283501,2806560767503,2806561637624,2806561667744,2806610006957,2806560279428,16666666,2806561792922,2806571777903,2806571803373,2806587825367,2806593467086,5094,240368,2806593467086,2806589147514,0,2806587825367,
0,159070,2806576673625,2806576673625,-945697268,2806577021976,2806577850695,2806579049554,2806579094352,2806626673623,2806577017476,16666666,2806579352749,2806589238511,2806589300040,2806604187238,2806610233801,3261,140533,2806610233801,2806604837930,0,2806604187238,
0,159078,2806593340291,2806593340291,-103514219,2806593535778,2806593955348,2806595859322,2806595915373,2806643340289,2806593533258,16666666,2806596168838,2806604887316,2806604916494,2806625052275,2806629324650,3346,138294,2806629324650,2806625504445,0,2806625052275,
0,159086,2806610006957,2806610006957,-517814868,2806610349428,2806611015757,2806612306396,2806612354863,2806660006955,2806610344125,16666666,2806612557709,2806625543626,2806625569764,2806642758976,2806660151854,6268,217456,2806660151854,2806643837257,0,2806642758976,
0,159094,2806626673623,2806626673623,-515000728,2806626953059,2806627532469,2806628135160,2806628170402,2806693340287,2806626948295,16666666,2806628331355,2806643933491,2806644027200,2806659922202,2806676821409,3800094,114296,2806676821409,2806664192207,0,2806659922202,
0,159101,2806643340289,2806643340289,-899901488,2806645116137,2806646175434,2806647076747,2806647118812,2806710006953,2806645111777,16666666,2806647343182,2806664243650,2806664279082,2806678735035,2806693473614,4991,157095,2806693473614,2806681121179,0,2806678735035,
0,159109,2806660006955,2806660006955,-711841708,2806664630716,2806665034813,2806665579425,2806665603659,2806726673619,2806664627899,16666666,2806665745776,2806681168939,2806681199683,2806697599233,2806710148191,2811,148788,2806710148191,2806698157481,0,2806697599233,
0,159117,2806676673621,2806676673621,-496487432,2806681618849,2806682040175,2806682487003,2806682515084,2806743340285,2806681616635,16666666,2806682641637,2806698202825,2806698262223,2806713552314,2806726814877,12386,467449,2806726814877,2806717182714,0,2806713552314,
0,159125,2806693340287,2806693340287,-709393518,2806698675063,2806699270054,2806699716751,2806699746300,2806760006951,2806698672612,16666666,2806699932012,2806717361398,2806717452519,2806735627737,2806743442797,4052,226500,2806743442797,2806736383666,0,2806735627737,
0,159133,2806710006953,2806710006953,-172915546,2806718430310,2806719103358,2806719946160,2806719978372,2806776673617,2806718425714,16666666,2806720164337,2806736454843,2806736500449,2806751393397,2806760205671,4346,182966,2806760205671,2806751971411,0,2806751393397,
0,159141,2806726673619,2806726673619,-799880230,2806737258562,2806738111905,2806739126492,2806739164457,2806793340283,2806737250199,16666666,2806739368919,2806752046391,2806752074907,2806766008133,2806776823097,3868,150394,2806776823097,2806767162528,0,2806766008133,
0,159149,2806743340285,2806743340285,-807003457,2806752386453,2806752831073,2806754193745,2806754242679,2806810006949,2806752384363,16666666,2806754453337,2806767224998,2806767259789,2806782749417,2806793539432,5652,214070,2806793539432,2806783449449,0,2806782749417,
0,159157,2806760006951,2806760006951,-820115701,2806767641809,2806768156850,2806769850672,2806769904260,2806826673615,2806767638236,16666666,2806770192931,2806783512623,2806783552695,2806799619106,2806810131951,2905,165650,2806810131951,2806800096418,0,2806799619106,
0,159165,2806776673617,2806776673617,-311522892,2806784190546,2806784502491,2806785335549,2806785356939,2806843340281,2806784188331,16666666,2806785460802,2806800142034,2806800167324,2806817440053,2806826900586,6190,166378,2806826900586,2806817961243,0,2806817440053,
0,159173,2806793340283,2806793340283,-928358272,2806800541734,2806800927786,2806801373924,2806801405249,2806860006947,2806800539354,16666666,2806801553311,2806818045938,2806818099833,2806835060290,2806843491189,4245,138990,2806843491189,2806835675086,0,2806835060290,
0,159181,2806810006949,2806810006949,-71277330,2806818592090,2806819054734,2806819911254,2806819944997,2806876673613,2806818589799,16666666,2806820166097,2806835723090,2806835755831,2806853894328,2806860180299,3572,155630,2806860180299,2806854375145,0,2806853894328,
0,159189,2806826673615,2806826673615,-469725846,2806836115861,2806836454801,2806836963730,2806836995999,2806893340279,2806836113923,16666666,2806837140256,2806854436887,2806854474463,2806872498617,2806876807949,2387,130515,2806876807949,2806872915364,0,2806872498617,
0,159197,2806843340281,2806843340281,-656426485,2806855146199,2806855152436,2806857081519,2806857135548,2806910006945,2806855144148,16666666,2806858430227,2806872950173,2806872969420,2806888279948,2806893464705,3108,157921,2806893464705,2806888812260,0,2806888279948,
0,159205,2806860006947,2806860006947,0,2806873238541,2806873238958,2806873922682,2806873947559,2806926673611,2806873236510,16666666,2806874110101,2806888864252,2806888913012,2806903373298,2806910174759,7522,251730,2806910174759,2806904180395,0,2806903373298,
0,159213,2806876673613,2806876673613,0,2806889285773,2806889286106,2806890160484,2806890196754,2806943340277,2806889283661,16666666,2806890367519,2806904291855,2806904362960,2806921827268,2806926784949,4084,218401,2806926784949,2806922875389,0,2806921827268,
0,159221,2806893340279,2806893340279,0,2806904804448,2806904804910,2806905625702,2806905661580,2806960006943,2806904800265,16666666,2806905830280,2806922946665,2806922991953,2806938921854,2806943482228,3757,150844,2806943482228,2806939610286,0,2806938921854,
0,159229,2806910006945,2806910006945,0,2806923324001,2806923324388,2806923888075,2806923912057,2806976673609,2806923321832,16666666,2806924077618,2806939658585,2806939696407,2806954088866,2806960131195,2716,113639,2806960131195,2806954508597,0,2806954088866,
0,159237,2806926673611,2806926673611,0,2806940162155,2806940162557,2806940737969,2806940761203,2806993340275,2806940160036,16666666,2806940890721,2806954554011,2806954577573,2806971452385,2806976788502,5982,222455,2806976788502,2806972174563,0,2806971452385,
0,159245,2806943340277,2806943340277,0,2806955044470,2806955044887,2806955528953,2806955547601,2807010006941,2806955041605,16666666,2806955660658,2806972234889,2806972273699,2806990293147,2806994695641,3726,151308,2806994695641,2806990788383,0,2806990293147,
0,159253,2806960006943,2806960006943,0,2806972564007,2806972564399,2806973360884,2806973392084,2807026673607,2806972561784,16666666,2806973555849,2806990828360,2806990850390,2807005871536,2807010397381,3070,128795,2807010397381,2807006402767,0,2807005871536,
0,159261,2806976673609,2806976673609,0,2806991151153,2806991151545,2806991895270,2806991938166,2807043340273,2806991148768,16666666,2806992122882,2807006447802,2807006472229,2807020103573,2807026854278,2535,111408,2807026854278,2807020534404,0,2807020103573,
0,159269,2806993340275,2806993340275,0,2807006748688,2807006749027,2807007388131,2807007418309,2807060006939,2807006746607,16666666,2807007554946,2807020573949,2807020597227,2807033937374,2807043458857,2887,173223,2807043458857,2807034934488,0,2807033937374,
0,159277,2807010006941,2807010006941,0,2807020832445,2807020832752,2807021380344,2807021413584,2807076673605,2807020830672,16666666,2807021555176,2807034991092,2807035030173,2807051538948,2807060107273,2501,140099,2807060107273,2807052094648,0,2807051538948,
0,159285,2807026673607,2807026673607,0,2807035517126,2807035518318,2807036752836,2807036798264,2807093340271,2807035512949,16666666,2807037050078,2807052150283,2807052182003,2807067241942,2807076824227,4747,260094,2807076824227,2807068036334,0,2807067241942,
0,159293,2807043340273,2807043340273,0,2807052503018,2807052503334,2807053045741,2807053068900,2807110006937,2807052500679,16666666,2807053189020,2807068114581,2807068161136,2807084072526,2807093476954,2479,115689,2807093476954,2807084638381,0,2807084072526,
0,159301,2807060006939,2807060006939,0,2807068838815,2807068839587,2807069487295,2807069540954,2807126673603,2807068836322,16666666,2807069719892,2807084682584,2807084706347,2807100171948,2807110184133,2819,106337,2807110184133,2807100583789,0,2807100171948,
0,159309,2807076673605,2807076673605,0,2807085048075,2807085048532,2807086184205,2807086224393,2807143340269,2807085045844,16666666,2807086403412,2807100618106,2807100639434,2807116138385,2807126794686,4329,280765,2807126794686,2807116815524,0,2807116138385,
0,159317,2807093340271,2807093340271,-737351632,2807101449355,2807101450098,2807102939860,2807102977792,2807160006935,2807101445004,16666666,2807103633640,2807116874543,2807116910468,2807134212912,2807143443277,3678,167902,2807143443277,2807134758981,0,2807134212912,
0,159325,2807110006937,2807110006937,-848444235,2807117674890,2807118277644,2807118636214,2807118668467,2807176673601,2807117671916,16666666,2807118803504,2807134818076,2807134854217,2807149232670,2807160113153,2788,118994,2807160113153,2807149643184,0,2807149232670,
0,159333,2807126673603,2807126673603,-935665705,2807135707148,2807136761855,2807137258210,2807137295071,2807193340267,2807135703846,16666666,2807137532271,2807149686986,2807149710288,2807164071588,2807176782048,2307,142380,2807176782048,2807164506971,0,2807164071588,
0,159341,2807143340269,2807143340269,-235210480,2807150171244,2807150662429,2807152048127,2807152105607,2807210006933,2807150168494,16666666,2807152495011,2807164546236,2807164566748,2807180385251,2807193526621,2838,121189,2807193526621,2807180824457,0,2807180385251,
0,159349,2807160006935,2807160006935,-150116785,2807165106380,2807165626881,2807166308812,2807166343843,2807226673599,2807165103007,16666666,2807167185532,2807180862079,2807180886219,2807195983584,2807210121679,3370,125538,2807210121679,2807196439156,0,2807195983584,
0,159357,2807176673601,2807176673601,-910431863,2807181290841,2807182136728,2807182466107,2807182490322,2807243340265,2807181288858,16666666,2807182626865,2807196484657,2807196509853,2807211154575,2807226818344,2677,98378,2807226818344,2807211622186,0,2807211154575,
0,159365,2807193340267,2807193340267,-1033780156,2807196792879,2807197186427,2807198129431,2807198213700,2807260006931,2807196790491,16666666,2807198601470,2807211664210,2807211688148,2807226597706,2807243462433,3711943,161451,2807243462433,2807230798940,0,2807226597706,
0,159373,2807210006933,2807210006933,-907892295,2807211981200,2807212411775,2807212830663,2807212860515,2807276673597,2807211979016,16666666,2807213033065,2807230848972,2807230884459,2807246449456,2807260127934,3037,134732,2807260127934,2807246934689,0,2807246449456,
0,159381,2807226673599,2807226673599,-71927435,2807231492163,2807231882599,2807233022663,2807233041757,2807293340263,2807231489415,16666666,2807233151461,2807246982404,2807247010407,2807263379155,2807276824715,2521,125861,2807276824715,2807263817783,0,2807263379155,
0,159389,2807243340265,2807243340265,-946623504,2807247341588,2807247653508,2807249044561,2807249090232,2807310006929,2807247339845,16666666,2807249330663,2807263857977,2807263881417,2807279276257,2807293466598,2817,124698,2807293466598,2807279780466,0,2807279276257,
0,159397,2807260006931,2807260006931,-667987802,2807264277806,2807264669144,2807265516881,2807265548068,2807326673595,2807264274572,16666666,2807265745466,2807279829470,2807279855407,2807296700446,2807310114977,5318,214627,2807310114977,2807297315257,0,2807296700446,
0,159405,2807276673597,2807276673597,-959821126,2807280342890,2807280702798,2807281486022,2807281518921,2807343340261,2807280340710,16666666,2807281672792,2807297382176,2807297439995,2807314551142,2807326845461,2251,116110,2807326845461,2807314975001,0,2807314551142,
0,159413,2807293340263,2807293340263,-130407638,2807297992920,2807298661180,2807298965445,2807298999837,2807360006927,2807297988423,16666666,2807299161746,2807315014156,2807315035024,2807330772700,2807343475671,4704,171659,2807343475671,2807331489184,0,2807330772700,
0,159421,2807310006929,2807310006929,-7136629,2807315640149,2807316056475,2807317147014,2807317178082,2807376673593,2807315637703,16666666,2807317353834,2807331551495,2807331600471,2807348470138,2807360124120,3988,143538,2807360124120,2807349168896,0,2807348470138,
0,159429,2807326673595,2807326673595,-1060935887,2807332198771,2807332687945,2807333876388,2807333905671,2807393340259,2807332195247,16666666,2807334060292,2807349222537,2807349247785,2807364965129,2807376770349,4365,162702,2807376770349,2807365569721,0,2807364965129,
0,159437,2807343340261,2807343340261,-232733492,2807349593566,2807350005110,2807350470208,2807350551054,2807410006925,2807349591670,16666666,2807350724635,2807365606504,2807365632342,2807380676792,2807393453806,4704,178096,2807393453806,2807381283148,0,2807380676792,
0,159445,2807360006927,2807360006927,-862162686,2807365949940,2807366391132,2807367020292,2807367047801,2807426673591,2807365947489,16666666,2807367258782,2807381346192,2807381377818,2807396717910,2807410105373,2510,103394,2807410105373,2807397112044,0,2807396717910,
0,159453,2807376673593,2807376673593,-950212106,2807381838232,2807382211177,2807382780408,2807382802485,2807443340257,2807381835129,16666666,2807382923273,2807397150561,2807397181334,2807410298801,2807426768978,5530055,148157,2807426768978,2807416556425,0,2807410298801,
0,159461,2807393340259,2807393340259,-1072455944,2807397569333,2807397854510,2807398358847,2807398376486,2807460006923,2807397566762,16666666,2807398483582,2807416604702,2807416661743,2807430902582,2807443485348,3099,223163,2807443485348,2807431463866,0,2807430902582,
0,159469,2807410006925,2807410006925,-308146181,2807417118476,2807417413909,2807417993266,2807418009647,2807476673589,2807417116735,16666666,2807418103921,2807431504483,2807431534645,2807445226611,2807460124025,3635,198101,2807460124025,2807445724223,0,2807445226611,
0,159477,2807426673591,2807426673591,-889240875,2807431798370,2807432225821,2807432602765,2807432626067,2807493340255,2807431796274,16666666,2807432780191,2807445772287,2807445801406,2807459853082,2807476772904,7244462,162950,2807476772904,2807467622791,0,2807459853082,
0,159485,2807443340257,2807443340257,-503724426,2807446094796,2807446469340,2807446904804,2807446929402,2807510006921,2807446092352,16666666,2807447099270,2807467667866,2807467731875,2807483352359,2807493470876,3476,155982,2807493470876,2807484071728,0,2807483352359,
0,159493,2807460006923,2807460006923,-294278876,2807468479366,2807468484609,2807468945298,2807468964055,2807526673587,2807468476430,16666666,2807469065112,2807484128990,2807484160184,2807501916854,2807510144811,4492,182723,2807510144811,2807502462463,0,2807501916854,
0,159501,2807476673589,2807476673589,0,2807485057460,2807485058177,2807485982185,2807486020162,2807543340253,2807485053604,16666666,2807486258761,2807502521423,2807502557165,2807519538770,2807526938041,3148,205206,2807526938041,2807520159099,0,2807519538770,
0,159509,2807493340255,2807493340255,0,2807502918802,2807502919184,2807503667548,2807503692907,2807560006919,2807502914900,16666666,2807503839554,2807520216131,2807520247483,2807538721204,2807543643558,3881,153969,2807543643558,2807539346520,0,2807538721204,
0,159517,2807510006921,2807510006921,0,2807520705874,2807520706480,2807521730366,2807521763751,2807576673585,2807520701258,16666666,2807521900658,2807539388146,2807539413460,2807559021166,2807563630689,2858,159846,2807563630689,2807559696215,0,2807559021166,
0,159525,2807526673587,2807526673587,0,2807539838455,2807539838970,2807541927871,2807541969629,2807593340251,2807539834696,16666666,2807542242012,2807559750966,2807559779810,2807578826519,2807593471964,7026,307164,2807593471964,2807579588613,0,2807578826519,
0,159533,2807543340253,2807560006919,0,2807560180565,2807560180977,2807561379610,2807561438435,2807626673583,2807560175977,16666666,2807561765051,2807579663357,2807579718250,2807599170051,2807610281672,3253,128700,2807610281672,2807599598263,0,2807599170051,
0,159541,2807576673585,2807576673585,0,2807580491811,2807580493712,2807581107274,2807581130651,2807643340249,2807580487945,16666666,2807581282574,2807599668673,2807599701922,2807618818297,2807626925192,5009,390906,2807626925192,2807619887256,0,2807618818297,
0,159549,2807593340251,2807593340251,0,2807600094341,2807600094905,2807601176400,2807601218655,2807660006915,2807600091421,16666666,2807601383251,2807619946779,2807620040087,2807647066668,2807660232798,3889,281998,2807660232798,2807647891847,0,2807647066668,
0,159557,2807610006917,2807610006917,0,2807620505103,2807620505631,2807622297911,2807622339958,2807693340247,2807620502616,16666666,2807622636122,2807647950713,2807647994775,2807667860416,2807676788435,2687,123759,2807676788435,2807668357298,0,2807667860416,
0,159565,2807626673583,2807643340249,0,2807648410476,2807648410952,2807649105386,2807649144265,2807710006913,2807648407588,16666666,2807649363421,2807668399426,2807668424259,2807686573809,2807693468191,4987,159978,2807693468191,2807687091914,0,2807686573809,
0,159573,2807660006915,2807660006915,0,2807668907296,2807668907828,2807669665222,2807669684481,2807726673579,2807668904959,16666666,2807669806308,2807687142390,2807687172307,2807709709062,2807726798331,3318,147069,2807726798331,2807710441728,0,2807709709062,
0,159581,2807676673581,2807676673581,0,2807687447091,2807687447453,2807688488367,2807688542462,2807760006911,2807687445396,16666666,2807688695540,2807710515356,2807710551335,2807733224739,2807743483474,4115,145504,2807743483474,2807733815070,0,2807733224739,
0,159589,2807693340247,2807710006913,0,2807712658256,2807712659088,2807714940756,2807714978759,2807710006913,2807712654311,16666666,2807715150394,2807733898627,2807733930564,2807757029018,2805693468430,6614,248018,2805693468430,2807766295971,0,2807757029018,
---PROFILEDATA---


View hierarchy:

  com.pocketengineer.app/com.pocketengineer.app.MainActivity/android.view.ViewRootImpl@3ab576a
  7 views, 15.58 kB of render nodes


Total ViewRootImpl   : 1
Total attached Views : 7
Total RenderNode     : 15.58 kB (used) / 51.12 kB (capacity)

