Applications Graphics Acceleration Info:
Uptime: 2812302 Realtime: 2812302

** Graphics info for pid 5584 [com.pocketengineer.app] **

Stats since: 2807977183148ns
Total frames rendered: 235
Janky frames: 27 (11.49%)
Janky frames (legacy): 234 (99.57%)
50th percentile: 34ms
90th percentile: 48ms
95th percentile: 53ms
99th percentile: 61ms
Number Missed Vsync: 4
Number High input latency: 416
Number Slow UI thread: 21
Number Slow bitmap uploads: 0
Number Slow issue draw commands: 27
Number Frame deadline missed: 27
Number Frame deadline missed (legacy): 27
HISTOGRAM: 5ms=0 6ms=0 7ms=0 8ms=0 9ms=0 10ms=0 11ms=0 12ms=0 13ms=0 14ms=0 15ms=0 16ms=0 17ms=0 18ms=0 19ms=0 20ms=0 21ms=0 22ms=2 23ms=2 24ms=2 25ms=2 26ms=3 27ms=5 28ms=2 29ms=1 30ms=10 31ms=6 32ms=39 34ms=49 36ms=46 38ms=6 40ms=2 42ms=2 44ms=3 46ms=7 48ms=31 53ms=10 57ms=2 61ms=1 65ms=0 69ms=0 73ms=1 77ms=0 81ms=0 85ms=0 89ms=0 93ms=0 97ms=0 101ms=0 105ms=0 109ms=0 113ms=0 117ms=0 121ms=0 125ms=0 129ms=0 133ms=0 150ms=1 200ms=0 250ms=0 300ms=0 350ms=0 400ms=0 450ms=0 500ms=0 550ms=0 600ms=0 650ms=0 700ms=0 750ms=0 800ms=0 850ms=0 900ms=0 950ms=0 1000ms=0 1050ms=0 1100ms=0 1150ms=0 1200ms=0 1250ms=0 1300ms=0 1350ms=0 1400ms=0 1450ms=0 1500ms=0 1550ms=0 1600ms=0 1650ms=0 1700ms=0 1750ms=0 1800ms=0 1850ms=0 1900ms=0 1950ms=0 2000ms=0 2050ms=0 2100ms=0 2150ms=0 2200ms=0 2250ms=0 2300ms=0 2350ms=0 2400ms=0 2450ms=0 2500ms=0 2550ms=0 2600ms=0 2650ms=0 2700ms=0 2750ms=0 2800ms=0 2850ms=0 2900ms=0 2950ms=0 3000ms=0 3050ms=0 3100ms=0 3150ms=0 3200ms=0 3250ms=0 3300ms=0 3350ms=0 3400ms=0 3450ms=0 3500ms=0 3550ms=0 3600ms=0 3650ms=0 3700ms=0 3750ms=0 3800ms=0 3850ms=0 3900ms=0 3950ms=0 4000ms=0 4050ms=0 4100ms=0 4150ms=0 4200ms=0 4250ms=0 4300ms=0 4350ms=0 4400ms=0 4450ms=0 4500ms=0 4550ms=0 4600ms=0 4650ms=0 4700ms=0 4750ms=0 4800ms=0 4850ms=0 4900ms=0 4950ms=0
50th gpu percentile: 13ms
90th gpu percentile: 17ms
95th gpu percentile: 18ms
99th gpu percentile: 19ms
GPU HISTOGRAM: 1ms=0 2ms=0 3ms=0 4ms=5 5ms=17 6ms=18 7ms=9 8ms=9 9ms=10 10ms=8 11ms=12 12ms=18 13ms=23 14ms=21 15ms=28 16ms=16 17ms=24 18ms=13 19ms=3 20ms=1 21ms=0 22ms=0 23ms=0 24ms=0 25ms=0 4950ms=0

Pipeline=Skia (OpenGL)
Memory policy:
  Max surface area: 2073600
  Max resource usage: 99.53MB (x48)
  Background retention: 50% (altUiHidden = true)
  GPU Context timeout: 10
Contexts: 1 (stopped = 0)
CPU Caches:
  Glyph Cache: 0.00 bytes (1 entry)
  Glyph Count: 0 
Total CPU memory usage:
  0 bytes, 0.00 bytes (0.00 bytes is purgeable)
GPU Caches:
  Other:
    Other: 0.00 bytes (1 entry)
  Scratch:
    RenderTarget: 7.44 MB (1 entry)
    Buffer Object: 80.00 KB (2 entries)
Total GPU memory usage:
  7880704 bytes, 7.52 MB (7.47 MB is purgeable)

GraphicBufferAllocator buffers:
        Handle |        Size |     W (Stride) x H | Layers |   Format |      Usage | Requestor
0x757158fa5070 |     unknown | 1080 (   0) x 1920 |      1 |        1 | 0x     b00 | VRI[MainActivity]#0(BLAST Consumer)0
0x757158fb1ca0 |     unknown | 1080 (   0) x 1920 |      1 |        1 | 0x     b00 | VRI[MainActivity]#0(BLAST Consumer)0
0x757158fb1ee0 |     unknown | 1080 (   0) x 1920 |      1 |        1 | 0x     b00 | VRI[MainActivity]#0(BLAST Consumer)0
Total allocated by GraphicBufferAllocator (estimate): 0.00 KB
GoldfishAllocator::dumpDebugInfo is not implemented
Profile data in ms:

	com.pocketengineer.app/com.pocketengineer.app.MainActivity/android.view.ViewRootImpl@3ab576a (visibility=0)
Window: com.pocketengineer.app/com.pocketengineer.app.MainActivity
Stats since: 2807977182148ns
Total frames rendered: 235
Janky frames: 27 (11.49%)
Janky frames (legacy): 234 (99.57%)
50th percentile: 34ms
90th percentile: 48ms
95th percentile: 53ms
99th percentile: 61ms
Number Missed Vsync: 4
Number High input latency: 416
Number Slow UI thread: 21
Number Slow bitmap uploads: 0
Number Slow issue draw commands: 27
Number Frame deadline missed: 27
Number Frame deadline missed (legacy): 27
HISTOGRAM: 5ms=0 6ms=0 7ms=0 8ms=0 9ms=0 10ms=0 11ms=0 12ms=0 13ms=0 14ms=0 15ms=0 16ms=0 17ms=0 18ms=0 19ms=0 20ms=0 21ms=0 22ms=2 23ms=2 24ms=2 25ms=2 26ms=3 27ms=5 28ms=2 29ms=1 30ms=10 31ms=6 32ms=39 34ms=49 36ms=46 38ms=6 40ms=2 42ms=2 44ms=3 46ms=7 48ms=31 53ms=10 57ms=2 61ms=1 65ms=0 69ms=0 73ms=1 77ms=0 81ms=0 85ms=0 89ms=0 93ms=0 97ms=0 101ms=0 105ms=0 109ms=0 113ms=0 117ms=0 121ms=0 125ms=0 129ms=0 133ms=0 150ms=1 200ms=0 250ms=0 300ms=0 350ms=0 400ms=0 450ms=0 500ms=0 550ms=0 600ms=0 650ms=0 700ms=0 750ms=0 800ms=0 850ms=0 900ms=0 950ms=0 1000ms=0 1050ms=0 1100ms=0 1150ms=0 1200ms=0 1250ms=0 1300ms=0 1350ms=0 1400ms=0 1450ms=0 1500ms=0 1550ms=0 1600ms=0 1650ms=0 1700ms=0 1750ms=0 1800ms=0 1850ms=0 1900ms=0 1950ms=0 2000ms=0 2050ms=0 2100ms=0 2150ms=0 2200ms=0 2250ms=0 2300ms=0 2350ms=0 2400ms=0 2450ms=0 2500ms=0 2550ms=0 2600ms=0 2650ms=0 2700ms=0 2750ms=0 2800ms=0 2850ms=0 2900ms=0 2950ms=0 3000ms=0 3050ms=0 3100ms=0 3150ms=0 3200ms=0 3250ms=0 3300ms=0 3350ms=0 3400ms=0 3450ms=0 3500ms=0 3550ms=0 3600ms=0 3650ms=0 3700ms=0 3750ms=0 3800ms=0 3850ms=0 3900ms=0 3950ms=0 4000ms=0 4050ms=0 4100ms=0 4150ms=0 4200ms=0 4250ms=0 4300ms=0 4350ms=0 4400ms=0 4450ms=0 4500ms=0 4550ms=0 4600ms=0 4650ms=0 4700ms=0 4750ms=0 4800ms=0 4850ms=0 4900ms=0 4950ms=0
50th gpu percentile: 13ms
90th gpu percentile: 17ms
95th gpu percentile: 18ms
99th gpu percentile: 19ms
GPU HISTOGRAM: 1ms=0 2ms=0 3ms=0 4ms=5 5ms=17 6ms=18 7ms=9 8ms=9 9ms=10 10ms=8 11ms=12 12ms=18 13ms=23 14ms=21 15ms=28 16ms=16 17ms=24 18ms=13 19ms=3 20ms=1 21ms=0 22ms=0 23ms=0 24ms=0 25ms=0 4950ms=0



---PROFILEDATA---
Flags,FrameTimelineVsyncId,IntendedVsync,Vsync,InputEventId,HandleInputStart,AnimationStart,PerformTraversalsStart,DrawStart,FrameDeadline,FrameInterval,FrameStartTime,SyncQueued,SyncStart,IssueDrawCommandsStart,SwapBuffers,FrameCompleted,DequeueBufferDuration,QueueBufferDuration,GpuCompleted,SwapBuffersCompleted,DisplayPresentTime,CommandSubmissionCompleted,
0,160569,2810110006817,2810110006817,-640242212,2810119590729,2810120046310,2810121280835,2810121340250,2810176673481,2810119586916,16666666,2810121864374,2810142459319,2810142537250,2810163466589,2810176928180,3589,149084,2810176928180,2810164252082,0,2810163466589,
0,160577,2810126673483,2810126673483,-457460010,2810143301116,2810146700746,2810148569908,2810148612788,2810210006813,2810143295197,16666666,2810148847977,2810164314434,2810164346039,2810185628064,2810193787428,6345,369527,2810193787428,2810186716757,0,2810185628064,
0,160585,2810160006815,2810160006815,-147073906,2810164834967,2810165742350,2810166544464,2810166600164,2810226673479,2810164831012,16666666,2810166873484,2810186802556,2810186852584,2810208910217,2810213124432,3151,131287,2810213124432,2810209464761,0,2810208910217,
0,160593,2810176673481,2810176673481,-729833819,2810187555044,2810189224850,2810190842310,2810190890832,2810243340145,2810187530065,16666666,2810191139983,2810209521060,2810209562164,2810225801679,2810231653376,4791,161505,2810231653376,2810226320801,0,2810225801679,
0,160601,2810193340147,2810193340147,-617248421,2810210005576,2810211447919,2810212427699,2810212472005,2810260006811,2810210002984,16666666,2810212785919,2810226384680,2810226422358,2810254862549,2810260281366,6716,281906,2810260281366,2810255649979,0,2810254862549,
0,160610,2810226673479,2810226673479,-741272068,2810228600483,2810228613044,2810234800569,2810234897298,2810293340143,2810228591895,16666666,2810235376869,2810255743476,2810255812470,2810286941232,2810293538611,3206,145893,2810293538611,2810287470182,0,2810286941232,
0,160617,2810243340145,2810243340145,0,2810256534156,2810256534602,2810257827464,2810257867543,2810326673475,2810256530523,16666666,2810258084299,2810287520605,2810287549649,2810306499198,2810310965414,3639,143632,2810310965414,2810307038499,0,2810306499198,
0,160625,2810260006811,2810276673477,-680965430,2810288498240,2810288499071,2810289242650,2810289293686,2810343340141,2810288493535,16666666,2810289487010,2810307085274,2810307121333,2810325799385,2810329781478,4591,164162,2810329781478,2810326456302,0,2810325799385,
0,160633,2810293340143,2810293340143,-1046549429,2810307807091,2810308214001,2810309010175,2810309064003,2810360006807,2810307804594,16666666,2810309336305,2810326516736,2810326557050,2810345827195,2810360236209,8272,293849,2810360236209,2810347160341,0,2810345827195,
0,160641,2810310006809,2810326673475,-225395734,2810327204899,2810327811874,2810328605099,2810328643637,2810393340139,2810327201694,16666666,2810328883236,2810347280002,2810347372840,2810365497527,2810376787599,3767,147887,2810376787599,2810366018828,0,2810365497527,
0,160649,2810343340141,2810343340141,-709066177,2810348960414,2810349723591,2810350370525,2810350406290,2810410006805,2810348954015,16666666,2810350587311,2810366059379,2810366087635,2810383225339,2810393524430,3775,149286,2810393524430,2810383714568,0,2810383225339,
0,160657,2810360006807,2810360006807,-731987829,2810366451138,2810367041618,2810367987337,2810368078200,2810426673471,2810366448131,16666666,2810368314163,2810383767237,2810383803178,2810405309663,2810410119213,4813,186419,2810410119213,2810405933090,0,2810405309663,
0,160665,2810376673473,2810376673473,-513482131,2810384181906,2810384720019,2810385911298,2810385968522,2810443340137,2810384177716,16666666,2810386344700,2810406018199,2810406074236,2810424427915,2810429330136,5450,256371,2810429330136,2810425676264,0,2810424427915,
0,160673,2810393340139,2810393340139,-496280523,2810407439292,2810408029522,2810408730625,2810408769183,2810460006803,2810407434792,16666666,2810409025889,2810425757428,2810425831464,2810441967841,2810446007863,2842,130236,2810446007863,2810442363227,0,2810441967841,
0,160681,2810410006805,2810410006805,0,2810426582606,2810426675238,2810427795780,2810427860999,2810476673469,2810426577948,16666666,2810428109312,2810442412972,2810442438920,2810462098957,2810476868862,5176,195834,2810476868862,2810462838636,0,2810462098957,
0,160689,2810426673471,2810426673471,-151713717,2810442696504,2810443876798,2810445152605,2810445198281,2810510006801,2810442693284,16666666,2810445469082,2810462917280,2810462958688,2810489532491,2810496060233,6325,457933,2810496060233,2810490512492,0,2810489532491,
0,160697,2810443340137,2810460006803,-457392929,2810463659174,2810465489283,2810466201919,2810466270625,2810526673467,2810463651860,16666666,2810466663937,2810490755955,2810490829990,2810511514874,2810526830991,8039,245888,2810526830991,2810512375004,0,2810511514874,
0,160705,2810476673469,2810476673469,-456566448,2810492216227,2810493713975,2810494899372,2810494930379,2810560006799,2810492208163,16666666,2810495106898,2810512457928,2810512514085,2810531649796,2810543479200,4597,204347,2810543479200,2810532418762,0,2810531649796,
0,160713,2810493340135,2810510006801,-18614724,2810513190081,2810513898742,2810514488606,2810514529447,2810576673465,2810513184808,16666666,2810514748322,2810532480365,2810532521028,2810556650733,2810562039520,4292,142206,2810562039520,2810557716205,0,2810556650733,
0,160721,2810526673467,2810526673467,-809250754,2810533274075,2810534047780,2810535277136,2810535328570,2810593340131,2810533267601,16666666,2810535536351,2810557790407,2810557831672,2810577641347,2810593540840,4128,203616,2810593540840,2810578353962,0,2810577641347,
0,160729,2810543340133,2810543340133,-422128169,2810558550219,2810559624060,2810562854815,2810562912060,2810626673463,2810558534368,16666666,2810563163438,2810578417909,2810578456035,2810593958072,2810610260916,6083911,152848,2810610260916,2810600879636,0,2810593958072,
0,160737,2810560006799,2810576673465,-234386395,2810579183887,2810579707751,2810581206881,2810581249379,2810643340129,2810579179386,16666666,2810581499616,2810600966529,2810601016896,2810618413174,2810626815975,4750,188220,2810626815975,2810619149759,0,2810618413174,
0,160745,2810593340131,2810593340131,-470726851,2810601559137,2810602141760,2810602577482,2810602613948,2810660006795,2810601553535,16666666,2810602797268,2810619219987,2810619261032,2810638737105,2810643527677,5157,219951,2810643527677,2810639366344,0,2810638737105,
0,160753,2810610006797,2810610006797,-363935024,2810619598712,2810620082066,2810620884246,2810620962818,2810676673461,2810619596607,16666666,2810621228556,2810639482878,2810639560699,2810659304042,2810663350270,2565,117945,2810663350270,2810659811590,0,2810659304042,
0,160761,2810626673463,2810626673463,-578630527,2810640145528,2810640745707,2810642782601,2810642862276,2810693340127,2810640141302,16666666,2810643248330,2810659850850,2810659876439,2810677856400,2810693554456,4911,195103,2810693554456,2810678454030,0,2810677856400,
0,160769,2810643340129,2810660006795,-591206206,2810660663179,2810660670756,2810661618143,2810661644769,2810726673459,2810660660162,16666666,2810661802399,2810678519774,2810678560546,2810698744696,2810710129937,3954,199415,2810710129937,2810699372149,0,2810698744696,
0,160777,2810676673461,2810676673461,0,2810678952910,2810678953379,2810680546177,2810680575755,2810743340125,2810678948845,16666666,2810680774703,2810699416548,2810699447719,2810727665234,2810743477555,4878,188650,2810743477555,2810728330972,0,2810727665234,
0,160785,2810693340127,2810693340127,-688605645,2810700842744,2810700844022,2810702902531,2810702950487,2810776673457,2810700837426,16666666,2810703230819,2810728391597,2810728438675,2810747510923,2810760147943,3523,196729,2810760147943,2810748144831,0,2810747510923,
0,160793,2810710006793,2810726673459,-273855718,2810729301281,2810729624178,2810730704300,2810730754460,2810793340123,2810729297855,16666666,2810730902972,2810748224512,2810748269406,2810764809626,2810776828795,2670,127055,2810776828795,2810765258626,0,2810764809626,
0,160801,2810743340125,2810743340125,-620357016,2810749618455,2810750254054,2810750920190,2810750955018,2810810006789,2810749612458,16666666,2810751143918,2810765294471,2810765318554,2810780498887,2810793499098,3690,168289,2810793499098,2810781282448,0,2810780498887,
0,160809,2810760006791,2810760006791,-413396755,2810765810683,2810766129055,2810766582817,2810766604791,2810826673455,2810765808102,16666666,2810766734714,2810781337336,2810781369449,2810798283034,2810810136428,5213,270826,2810810136428,2810799070507,0,2810798283034,
0,160817,2810776673457,2810776673457,-682671526,2810781837773,2810782480038,2810784135865,2810784197262,2810843340121,2810781833988,16666666,2810784524758,2810799180841,2810799243785,2810814032314,2810826785322,2347,127963,2810826785322,2810814608543,0,2810814032314,
0,160825,2810793340123,2810793340123,-726652795,2810799780920,2810800295509,2810800742198,2810800773062,2810860006787,2810799778153,16666666,2810800998740,2810814648869,2810814674978,2810830037675,2810843486699,4092,151491,2810843486699,2810830537038,0,2810830037675,
0,160833,2810810006789,2810810006789,-633983318,2810815026489,2810815369273,2810815778881,2810815797651,2810876673453,2810815024584,16666666,2810815928163,2810830586511,2810830609933,2810847394456,2810860241324,5858,191146,2810860241324,2810848092050,0,2810847394456,
0,160841,2810826673455,2810826673455,-790291423,2810830880206,2810831230761,2810831706643,2810831741710,2810893340119,2810830878563,16666666,2810831942067,2810848161851,2810848209685,2810866386316,2810876864065,6193,205025,2810876864065,2810867155042,0,2810866386316,
0,160849,2810843340121,2810843340121,-229035808,2810848545201,2810849006721,2810849591095,2810849626186,2810910006785,2810848542987,16666666,2810849784421,2810867257954,2810867325669,2810892381408,2810896633102,3469,175268,2810896633102,2810893018150,0,2810892381408,
0,160857,2810860006787,2810860006787,-1029565568,2810867879970,2810868569840,2810869052378,2810869098927,2810926673451,2810867874059,16666666,2810869368324,2810893081089,2810893112021,2810910635147,2810926877761,2598,115030,2810926877761,2810911081014,0,2810910635147,
0,160865,2810876673453,2810893340119,-166594082,2810894121756,2810894870930,2810897703441,2810897731073,2810960006783,2810894118845,16666666,2810897914597,2810911118671,2810911142183,2810930070854,2810943475468,3357,145698,2810943475468,2810930537647,0,2810930070854,
0,160873,2810910006785,2810910006785,-497366384,2810911513550,2810911917042,2810912481614,2810912511430,2810976673449,2810911510865,16666666,2810912680354,2810930585887,2810930613086,2810947401606,2810960097774,4763,168213,2810960097774,2810947928356,0,2810947401606,
0,160881,2810926673451,2810926673451,-809309939,2810931330576,2810931809168,2810932718122,2810932764906,2810993340115,2810931327036,16666666,2810933000512,2810948024023,2810948083608,2810964481462,2810976789878,3094,149283,2810976789878,2810964909934,0,2810964481462,
0,160889,2810943340117,2810943340117,-77016930,2810948744142,2810949629146,2810951372634,2810951432612,2811010006781,2810948738574,16666666,2810951762702,2810964971731,2810964996370,2810979956563,2810993485905,3790,155902,2810993485905,2810980532477,0,2810979956563,
0,160897,2810960006783,2810960006783,-150426033,2810965294064,2810965779645,2810966787506,2810966839539,2811026673447,2810965291586,16666666,2810967132874,2810980587383,2810980624031,2810994009748,2811010113900,6205338,167227,2811010113900,2811000734603,0,2810994009748,
0,160905,2810976673449,2810976673449,-1061078076,2810981037084,2810981529518,2810982040134,2810982078197,2811043340113,2810981033548,16666666,2810982274002,2811000790762,2811000827324,2811018048049,2811026873225,3203,148429,2811026873225,2811018658822,0,2811018048049,
0,160913,2810993340115,2810993340115,-571023109,2811001117980,2811001489119,2811001906177,2811001927973,2811060006779,2811001116093,16666666,2811002046073,2811018701133,2811018728512,2811037679270,2811043445660,5492,183048,2811043445660,2811038251343,0,2811037679270,
0,160921,2811010006781,2811010006781,-838192901,2811019131506,2811019815495,2811020747851,2811020773470,2811076673445,2811019126366,16666666,2811020926993,2811038299697,2811038326981,2811054054114,2811060125749,3237,132960,2811060125749,2811054532068,0,2811054054114,
0,160929,2811026673447,2811026673447,-46584799,2811038701658,2811039100781,2811041070298,2811041105763,2811093340111,2811038699041,16666666,2811041326558,2811054574738,2811054598910,2811069214161,2811076801314,2819,112955,2811076801314,2811069614264,0,2811069214161,
0,160937,2811043340113,2811043340113,-851581990,2811055238169,2811055244271,2811056860833,2811056893780,2811110006777,2811055236171,16666666,2811057050742,2811069656288,2811069680763,2811085877741,2811093502314,4405,188645,2811093502314,2811086482472,0,2811085877741,
0,160945,2811060006779,2811060006779,0,2811069952308,2811069952701,2811072529387,2811072560161,2811126673443,2811069950256,16666666,2811072843135,2811086534903,2811086561881,2811105675210,2811110185034,3423,216713,2811110185034,2811106307305,0,2811105675210,
0,160953,2811076673445,2811076673445,0,2811087159900,2811087178699,2811095314938,2811095342249,2811143340109,2811087155450,16666666,2811095571422,2811106355353,2811106390079,2811128450894,2811143466925,4756,183153,2811143466925,2811129064917,0,2811128450894,
0,160961,2811093340111,2811093340111,-975357003,2811107734355,2811107734981,2811109169048,2811109203444,2811176673441,2811107731851,16666666,2811109375044,2811129120006,2811129158288,2811148254732,2811160107749,3793,150959,2811160107749,2811148952549,0,2811148254732,
0,160969,2811110006777,2811126673443,-415769420,2811130015377,2811130704628,2811131837809,2811131875374,2811193340107,2811130012517,16666666,2811132103091,2811149000782,2811149026085,2811164320437,2811176773862,2661,109330,2811176773862,2811164728735,0,2811164320437,
0,160977,2811143340109,2811143340109,-325467212,2811149492462,2811149870634,2811150453321,2811150489844,2811210006773,2811149489973,16666666,2811150660411,2811164773459,2811164800972,2811180526809,2811193479509,2626,113830,2811193479509,2811180932572,0,2811180526809,
0,160985,2811160006775,2811160006775,-616723699,2811165459438,2811166028307,2811167910024,2811167947812,2811226673439,2811165456434,16666666,2811168243319,2811180978702,2811181004538,2811196363273,2811210130903,8478,157791,2811210130903,2811196946379,0,2811196363273,
0,160993,2811176673441,2811176673441,-119386133,2811181323948,2811181675365,2811182296022,2811182340155,2811243340105,2811181321775,16666666,2811182532425,2811197067468,2811197118124,2811215603469,2811227786834,3924,189671,2811227786834,2811216493182,0,2811215603469,
0,161001,2811193340107,2811193340107,-365674324,2811197783115,2811198320254,2811198864487,2811198900763,2811260006771,2811197779166,16666666,2811199195203,2811216550181,2811216584459,2811232392725,2811243457455,2766,111416,2811243457455,2811232826291,0,2811232392725,
0,161009,2811210006773,2811210006773,-823120281,2811216903089,2811217411487,2811217884673,2811217910651,2811276673437,2811216901014,16666666,2811218074288,2811232866207,2811232887431,2811248736205,2811260153554,7693,281929,2811260153554,2811249580660,0,2811248736205,
0,161017,2811226673439,2811226673439,-243102541,2811233179263,2811233545564,2811234234083,2811234258312,2811293340103,2811233176738,16666666,2811234445690,2811249670896,2811249725761,2811265647590,2811276817322,3828,190391,2811276817322,2811266312491,0,2811265647590,
0,161025,2811243340105,2811243340105,-91198624,2811250153827,2811250722185,2811251240677,2811251297991,2811310006769,2811250151117,16666666,2811251513459,2811266377642,2811266422979,2811283735208,2811293452352,3734,330465,2811293452352,2811284539788,0,2811283735208,
0,161033,2811260006771,2811260006771,-271469466,2811266952206,2811267493880,2811267944741,2811267976711,2811326673435,2811266948243,16666666,2811268179419,2811284612880,2811284655503,2811301678982,2811310137109,2465,134886,2811310137109,2811302122740,0,2811301678982,
0,161041,2811276673437,2811276673437,-926911311,2811285233066,2811285604764,2811286275767,2811286300882,2811343340101,2811285230800,16666666,2811286436101,2811302170436,2811302192703,2811318743041,2811326788652,3229,155576,2811326788652,2811319286554,0,2811318743041,
0,161049,2811293340103,2811293340103,-1043511902,2811302484871,2811302841581,2811304013306,2811304076189,2811360006767,2811302482972,16666666,2811304347326,2811319333246,2811319358947,2811335263916,2811343470978,4147,150181,2811343470978,2811335760251,0,2811335263916,
0,161057,2811310006769,2811310006769,-643537388,2811319669495,2811320079063,2811320578945,2811320601513,2811376673433,2811319667469,16666666,2811320718338,2811335818908,2811335858107,2811355363624,2811360133280,5153,209122,2811360133280,2811356136449,0,2811355363624,
0,161065,2811326673435,2811326673435,-1001702174,2811336270959,2811336788091,2811337872141,2811337916089,2811393340099,2811336267323,16666666,2811338116374,2811356198889,2811356228514,2811374282323,2811378809429,3277,162987,2811378809429,2811375315766,0,2811374282323,
0,161073,2811343340101,2811343340101,-396641308,2811356619318,2811356958427,2811358045608,2811358078226,2811410006765,2811356617162,16666666,2811358260207,2811375355740,2811375389594,2811390403284,2811393932721,3421,139985,2811393932721,2811390885392,0,2811390403284,
0,161081,2811360006767,2811360006767,0,2811375705098,2811375748474,2811376103363,2811376134060,2811426673431,2811375703055,16666666,2811376288062,2811390936894,2811390984743,2811404637732,2811410111227,3542,149860,2811410111227,2811405147991,0,2811404637732,
0,161089,2811376673433,2811376673433,-606372238,2811391122389,2811391478987,2811391849101,2811391871579,2811443340097,2811391119858,16666666,2811392071022,2811405203183,2811405233836,2811420702950,2811426779237,2745,135307,2811426779237,2811421172940,0,2811420702950,
0,161097,2811393340099,2811393340099,0,2811405571318,2811405612620,2811407559989,2811407613787,2811460006763,2811405568649,16666666,2811407795099,2811421266040,2811421303931,2811440661375,2811445525673,3615,133271,2811445525673,2811441609277,0,2811440661375,
0,161105,2811410006765,2811410006765,-819353043,2811421594923,2811422208178,2811422853807,2811422891033,2811476673429,2811421591361,16666666,2811423176705,2811441658227,2811441704720,2811461113794,2811476786368,3628,156757,2811476786368,2811461976490,0,2811461113794,
0,161113,2811426673431,2811426673431,0,2811442034075,2811442092674,2811442517993,2811442557228,2811510006761,2811442023755,16666666,2811442754539,2811462032103,2811462067128,2811479304705,2811493428857,4620,116723,2811493428857,2811480077581,0,2811479304705,
0,161121,2811443340097,2811460006763,-507867337,2811462768635,2811463249432,2811463836165,2811463890294,2811526673427,2811462764558,16666666,2811464187876,2811480126282,2811480173580,2811496148751,2811510117699,4091,156280,2811510117699,2811496711088,0,2811496148751,
0,161129,2811476673429,2811476673429,-933005742,2811480720017,2811480726335,2811482525898,2811482588573,2811543340093,2811480717628,16666666,2811482973660,2811496766408,2811496800704,2811510901839,2811524954903,87448,101287,2811524954903,2811511513535,0,2811510901839,
0,161137,2811493340095,2811493340095,0,2811497131945,2811497132440,2811498143622,2811498201227,2811560006759,2811497129289,16666666,2811499006439,2811511548844,2811511572422,2811524439304,2811543497715,3932197,176521,2811543497715,2811528986702,0,2811524439304,
0,161145,2811510006761,2811510006761,0,2811511836519,2811511836823,2811512572984,2811512600114,2811576673425,2811511834047,16666666,2811512728034,2811529043050,2811529082360,2811543110237,2811560137733,4267450,169516,2811560137733,2811548225871,0,2811543110237,
0,161153,2811526673427,2811526673427,-974560685,2811529937729,2811529938406,2811530932385,2811530955188,2811593340091,2811529934309,16666666,2811531069327,2811548271894,2811548315713,2811563637724,2811576810055,3364,134085,2811576810055,2811564095772,0,2811563637724,
0,161161,2811543340093,2811543340093,-1979624,2811549085722,2811549458377,2811549744140,2811549768660,2811610006757,2811549083517,16666666,2811549888667,2811564147658,2811564180219,2811579648165,2811593460468,4708,198281,2811593460468,2811580198443,0,2811579648165,
0,161169,2811560006759,2811560006759,-372678528,2811564601878,2811564897915,2811565374740,2811565394737,2811626673423,2811564599555,16666666,2811565505584,2811580246521,2811580277530,2811595616631,2811610180431,3615,150628,2811610180431,2811596251854,0,2811595616631,
0,161177,2811576673425,2811576673425,-853926112,2811580744482,2811581152276,2811581460020,2811581485677,2811643340089,2811580742456,16666666,2811581658874,2811596295775,2811596328769,2811612470180,2811626779080,3035,121931,2811626779080,2811613064861,0,2811612470180,
0,161185,2811593340091,2811593340091,-1063456629,2811597307911,2811597628035,2811598455266,2811598478854,2811660006755,2811597304833,16666666,2811598629814,2811613109334,2811613133983,2811629737973,2811643500922,4401,228362,2811643500922,2811630388241,0,2811629737973,
0,161193,2811610006757,2811610006757,-478499581,2811613437225,2811613856513,2811614853121,2811614874521,2811676673421,2811613434706,16666666,2811614992055,2811630454791,2811630498176,2811644351361,2811659598949,135981,101925,2811659598949,2811644994999,0,2811644351361,
0,161201,2811626673423,2811626673423,-815450366,2811631281310,2811631688777,2811632304400,2811632326504,2811693340087,2811631276682,16666666,2811632454867,2811645031876,2811645057499,2811659176918,2811676750410,4479588,111409,2811676750410,2811664164107,0,2811659176918,
0,161209,2811643340089,2811643340089,-453469406,2811645339882,2811645643902,2811646205616,2811646225866,2811710006753,2811645337970,16666666,2811646347546,2811664227775,2811664296700,2811677563372,2811691239736,2578,87725,2811691239736,2811677907030,0,2811677563372,
0,161217,2811660006755,2811660006755,-834806347,2811664775855,2811665232022,2811666420045,2811666443374,2811726673419,2811664773015,16666666,2811666630219,2811677939936,2811677957863,2811690863076,2811708832808,3686956,130461,2811708832808,2811695009029,0,2811690863076,
0,161225,2811676673421,2811676673421,-625295849,2811678252529,2811678533760,2811678944040,2811678967510,2811743340085,2811678250374,16666666,2811679125119,2811695046624,2811695075866,2811708502229,2811726768035,4255775,102864,2811726768035,2811713181642,0,2811708502229,
0,161233,2811693340087,2811693340087,-674706565,2811695362486,2811695675250,2811696108521,2811696171490,2811760006751,2811695360338,16666666,2811696290625,2811713225315,2811713260803,2811727022789,2811743717223,4035098,103253,2811743717223,2811731510514,0,2811727022789,
0,161241,2811710006753,2811710006753,-391032137,2811713624894,2811714079796,2811714515436,2811714537597,2811776673417,2811713622054,16666666,2811714643510,2811731571710,2811731614356,2811746070770,2811760108078,4344,156081,2811760108078,2811746653540,0,2811746070770,
0,161249,2811726673419,2811726673419,-900197301,2811731948808,2811732321742,2811732747432,2811732764143,2811793340083,2811731947482,16666666,2811732856757,2811746714227,2811746756166,2811762353587,2811776798694,3912,203280,2811776798694,2811763074687,0,2811762353587,
0,161257,2811743340085,2811743340085,-677973041,2811747191762,2811747749724,2811749333386,2811749382246,2811810006749,2811747188303,16666666,2811749729854,2811763138577,2811763204247,2811779584086,2811793475298,4013,126512,2811793475298,2811780064878,0,2811779584086,
0,161265,2811760006751,2811760006751,-56220250,2811763659934,2811764267155,2811765412515,2811765450817,2811826673415,2811763656241,16666666,2811765652041,2811780108329,2811780137020,2811798206411,2811810118754,3587,148130,2811810118754,2811798685721,0,2811798206411,
0,161273,2811776673417,2811776673417,-360076658,2811780459214,2811780777030,2811781609316,2811781633181,2811843340081,2811780457472,16666666,2811781754325,2811798734759,2811798763176,2811815676112,2811826793435,4309,187990,2811826793435,2811816205232,0,2811815676112,
0,161281,2811793340083,2811793340083,-930687364,2811799173258,2811799554708,2811800189471,2811800208403,2811860006747,2811799170485,16666666,2811800318124,2811816253518,2811816285566,2811830576042,2811843435738,3021,129234,2811843435738,2811831024025,0,2811830576042,
0,161289,2811810006749,2811810006749,-998235280,2811816592707,2811817039658,2811817714446,2811817747860,2811876673413,2811816590226,16666666,2811817935490,2811831067781,2811831091387,2811845255437,2811859684869,2781,150973,2811859684869,2811845763228,0,2811845255437,
0,161297,2811826673415,2811826673415,-247626338,2811831406797,2811831940287,2811832334704,2811832360065,2811893340079,2811831403872,16666666,2811832524024,2811845814948,2811845850696,2811859229685,2811876770361,6231964,163912,2811876770361,2811865979491,0,2811859229685,
0,161305,2811843340081,2811843340081,-470947444,2811846241803,2811846734567,2811847429245,2811847453571,2811910006745,2811846238292,16666666,2811847589707,2811866021870,2811866049105,2811879566027,2811893429564,3673,102105,2811893429564,2811880045049,0,2811879566027,
0,161313,2811860006747,2811860006747,-92029739,2811866320292,2811866699213,2811867396809,2811867419398,2811926673411,2811866318657,16666666,2811867541369,2811880088835,2811880113591,2811894125291,2811910116862,164892,102703,2811910116862,2811894717970,0,2811894125291,
0,161321,2811876673413,2811876673413,-66410718,2811880849011,2811880856652,2811882852838,2811882888492,2811943340077,2811880845194,16666666,2811883058214,2811894771219,2811894802152,2811910691706,2811926796133,4180088,122084,2811926796133,2811916226922,0,2811910691706,
0,161329,2811893340079,2811893340079,0,2811895261881,2811895262368,2811896061976,2811896092596,2811960006743,2811895259539,16666666,2811896285804,2811916273153,2811916315336,2811932312159,2811943486155,3439,152294,2811943486155,2811933076571,0,2811932312159,
0,161337,2811910006745,2811910006745,-329941249,2811917222921,2811917223505,2811918035870,2811918059135,2811976673409,2811917219814,16666666,2811918239101,2811933125046,2811933159373,2811950200718,2811960112304,9533,223153,2811960112304,2811950857181,0,2811950200718,
0,161345,2811926673411,2811926673411,-285957420,2811933787169,2811934234066,2811934919146,2811934960308,2811993340075,2811933784195,16666666,2811935209567,2811950933307,2811951008197,2811966512241,2811976786310,3932,170289,2811976786310,2811967046502,0,2811966512241,
0,161353,2811943340077,2811943340077,-98634020,2811951760649,2811952449652,2811952985316,2811953017475,2812010006741,2811951757122,16666666,2811953184689,2811967101210,2811967134692,2811983882454,2811993443450,4442,171307,2811993443450,2811984512701,0,2811983882454,
0,161361,2811960006743,2811960006743,-178873212,2811967937322,2811968321733,2811968925065,2811968953912,2812026673407,2811967933414,16666666,2811969119425,2811984573360,2811984622924,2812000059750,2812010108059,3203,118040,2812010108059,2812000562529,0,2812000059750,
0,161369,2811976673409,2811976673409,-20608636,2811985130440,2811985581131,2811986196778,2811986232777,2812043340073,2811985125281,16666666,2811986402917,2812000612266,2812000636863,2812014408163,2812026811477,2693,126471,2812026811477,2812014890261,0,2812014408163,
0,161377,2811993340075,2811993340075,-619258255,2812001024489,2812001529464,2812002140757,2812002185781,2812060006739,2812001021649,16666666,2812002346777,2812014935738,2812014977913,2812029800491,2812043456790,3459,131370,2812043456790,2812030546485,0,2812029800491,
0,161385,2812010006741,2812010006741,-153078206,2812015291044,2812015720953,2812016385156,2812016423759,2812076673405,2812015288493,16666666,2812016606533,2812030595215,2812030623976,2812045788590,2812060136435,3556,155703,2812060136435,2812046307810,0,2812045788590,
0,161393,2812026673407,2812026673407,-795511583,2812030918408,2812031318227,2812031775326,2812031801945,2812093340071,2812030916171,16666666,2812031952233,2812046351942,2812046377572,2812061908291,2812076830797,2976,112234,2812076830797,2812062385599,0,2812061908291,
0,161401,2812043340073,2812043340073,-682483233,2812046679591,2812047172898,2812048106465,2812048130611,2812110006737,2812046677386,16666666,2812048272345,2812062432302,2812062458696,2812077372748,2812093419153,3046107,151944,2812093419153,2812080991668,0,2812077372748,
0,161409,2812060006739,2812060006739,-816587569,2812062732140,2812063087063,2812063543643,2812063566477,2812126673403,2812062730449,16666666,2812063680566,2812081041209,2812081077617,2812095204355,2812110181808,3320,133170,2812110181808,2812095658086,0,2812095204355,
0,161417,2812076673405,2812076673405,-902516906,2812081448069,2812081900125,2812082503313,2812082521821,2812143340069,2812081444642,16666666,2812082618490,2812095704857,2812095731685,2812109843343,2812126756626,5465323,196622,2812126756626,2812115993667,0,2812109843343,
0,161425,2812093340071,2812093340071,-614320906,2812096180331,2812096536405,2812097122080,2812097141205,2812160006735,2812096178145,16666666,2812097274961,2812116052728,2812116091091,2812130466450,2812143438804,2719,127947,2812143438804,2812130953861,0,2812130466450,
0,161433,2812110006737,2812110006737,-843454846,2812116547112,2812116916476,2812117324613,2812117346793,2812176673401,2812116544865,16666666,2812117629954,2812130995518,2812131016783,2812145554852,2812160140477,3149,111782,2812160140477,2812145996796,0,2812145554852,
0,161441,2812126673403,2812126673403,-903093077,2812131294975,2812131609958,2812132078207,2812132098998,2812193340067,2812131292211,16666666,2812132223399,2812146038113,2812146062728,2812160397568,2812176754590,6234867,191119,2812176754590,2812167209500,0,2812160397568,
0,161449,2812143340069,2812143340069,-718287786,2812146550408,2812146982084,2812147353724,2812147374622,2812210006733,2812146548299,16666666,2812147500630,2812167266939,2812167304807,2812181669970,2812193441083,3657,190606,2812193441083,2812182193054,0,2812181669970,
0,161457,2812160006735,2812160006735,-404795377,2812167633025,2812167951443,2812168995593,2812169024801,2812226673399,2812167631090,16666666,2812169175377,2812182226919,2812182249409,2812195893553,2812210095755,2360,106694,2812210095755,2812196275195,0,2812195893553,
0,161465,2812176673401,2812176673401,-983590191,2812182548193,2812182929449,2812183430572,2812183491396,2812243340065,2812182545576,16666666,2812183624174,2812196312848,2812196332970,2812211071491,2812225314500,2407,75832,2812225314500,2812211395699,0,2812211071491,
0,161473,2812193340067,2812193340067,-132195625,2812196564247,2812196879122,2812197582035,2812197604840,2812260006731,2812196562805,16666666,2812197733361,2812211428486,2812211449417,2812224948474,2812243438584,4091088,106107,2812243438584,2812229459153,0,2812224948474,
0,161481,2812210006733,2812210006733,-599952701,2812211696682,2812212075589,2812214228921,2812214278244,2812276673397,2812211695275,16666666,2812214550280,2812229504957,2812229540166,2812243476043,2812260112461,4850103,108653,2812260112461,2812248813360,0,2812243476043,
0,161489,2812226673399,2812226673399,-727657302,2812230031356,2812230523350,2812231234895,2812231266631,2812293340063,2812230029173,16666666,2812231447923,2812248877038,2812248919954,2812263230306,2812276809626,4794,174116,2812276809626,2812263897677,0,2812263230306,
0,161497,2812243340065,2812243340065,-1065344205,2812249480079,2812249964735,2812250302092,2812250318273,2812310006729,2812249476060,16666666,2812250422521,2812263967621,2812264046205,2812277881582,2812292644377,2336,86218,2812292644377,2812278293579,0,2812277881582,
0,161505,2812260006731,2812260006731,-365309480,2812264613606,2812265247325,2812265931159,2812265954243,2812326673395,2812264608356,16666666,2812266245459,2812278328374,2812278358979,2812292270798,2812310094576,4427337,122163,2812310094576,2812297164167,0,2812292270798,
0,161513,2812276673397,2812276673397,-357220816,2812279018406,2812279024391,2812279800751,2812279830600,2812343340061,2812279016270,16666666,2812279960871,2812297232240,2812297273766,2812311320664,2812326639702,2459,86800,2812326639702,2812311660374,0,2812311320664,
0,161521,2812293340063,2812293340063,0,2812297612208,2812297612551,2812298244399,2812298263245,2812310006729,2812297610166,16666666,2812298383795,2812311694919,2812311717471,2812326240019,2810146802528,4116399,144857,2810146802528,2812330842153,0,2812326240019,
---PROFILEDATA---


View hierarchy:

  com.pocketengineer.app/com.pocketengineer.app.MainActivity/android.view.ViewRootImpl@3ab576a
  7 views, 15.58 kB of render nodes


Total ViewRootImpl   : 1
Total attached Views : 7
Total RenderNode     : 15.58 kB (used) / 51.12 kB (capacity)

