Applications Graphics Acceleration Info:
Uptime: 872735 Realtime: 872735

** Graphics info for pid 4083 [com.pocketengineer.app] **

Stats since: 868252026481ns
Total frames rendered: 240
Janky frames: 6 (2.50%)
Janky frames (legacy): 182 (75.83%)
50th percentile: 31ms
90th percentile: 32ms
95th percentile: 34ms
99th percentile: 48ms
Number Missed Vsync: 0
Number High input latency: 468
Number Slow UI thread: 0
Number Slow bitmap uploads: 0
Number Slow issue draw commands: 6
Number Frame deadline missed: 6
Number Frame deadline missed (legacy): 6
HISTOGRAM: 5ms=0 6ms=0 7ms=0 8ms=0 9ms=0 10ms=0 11ms=0 12ms=0 13ms=0 14ms=0 15ms=0 16ms=0 17ms=1 18ms=1 19ms=1 20ms=0 21ms=0 22ms=1 23ms=2 24ms=3 25ms=7 26ms=3 27ms=5 28ms=23 29ms=27 30ms=39 31ms=38 32ms=69 34ms=11 36ms=6 38ms=0 40ms=0 42ms=0 44ms=0 46ms=0 48ms=1 53ms=0 57ms=0 61ms=0 65ms=0 69ms=0 73ms=0 77ms=0 81ms=0 85ms=0 89ms=0 93ms=0 97ms=0 101ms=0 105ms=0 109ms=0 113ms=0 117ms=0 121ms=0 125ms=0 129ms=0 133ms=0 150ms=0 200ms=2 250ms=0 300ms=0 350ms=0 400ms=0 450ms=0 500ms=0 550ms=0 600ms=0 650ms=0 700ms=0 750ms=0 800ms=0 850ms=0 900ms=0 950ms=0 1000ms=0 1050ms=0 1100ms=0 1150ms=0 1200ms=0 1250ms=0 1300ms=0 1350ms=0 1400ms=0 1450ms=0 1500ms=0 1550ms=0 1600ms=0 1650ms=0 1700ms=0 1750ms=0 1800ms=0 1850ms=0 1900ms=0 1950ms=0 2000ms=0 2050ms=0 2100ms=0 2150ms=0 2200ms=0 2250ms=0 2300ms=0 2350ms=0 2400ms=0 2450ms=0 2500ms=0 2550ms=0 2600ms=0 2650ms=0 2700ms=0 2750ms=0 2800ms=0 2850ms=0 2900ms=0 2950ms=0 3000ms=0 3050ms=0 3100ms=0 3150ms=0 3200ms=0 3250ms=0 3300ms=0 3350ms=0 3400ms=0 3450ms=0 3500ms=0 3550ms=0 3600ms=0 3650ms=0 3700ms=0 3750ms=0 3800ms=0 3850ms=0 3900ms=0 3950ms=0 4000ms=0 4050ms=0 4100ms=0 4150ms=0 4200ms=0 4250ms=0 4300ms=0 4350ms=0 4400ms=0 4450ms=0 4500ms=0 4550ms=0 4600ms=0 4650ms=0 4700ms=0 4750ms=0 4800ms=0 4850ms=0 4900ms=0 4950ms=0
50th gpu percentile: 15ms
90th gpu percentile: 18ms
95th gpu percentile: 18ms
99th gpu percentile: 19ms
GPU HISTOGRAM: 1ms=0 2ms=0 3ms=0 4ms=4 5ms=1 6ms=5 7ms=6 8ms=4 9ms=8 10ms=3 11ms=15 12ms=10 13ms=28 14ms=31 15ms=40 16ms=18 17ms=25 18ms=33 19ms=9 20ms=0 21ms=0 22ms=0 23ms=0 24ms=0 25ms=0 4950ms=0

Pipeline=Skia (OpenGL)
Memory policy:
  Max surface area: 2073600
  Max resource usage: 99.53MB (x48)
  Background retention: 50% (altUiHidden = true)
  GPU Context timeout: 10
Contexts: 1 (stopped = 0)
CPU Caches:
  Glyph Cache: 7.32 KB (1 entry)
  Glyph Count: 2 
Total CPU memory usage:
  7497 bytes, 7.32 KB (0.00 bytes is purgeable)
GPU Caches:
  Other:
    Other: 0.00 bytes (1 entry)
  Image:
    Texture: 13.04 KB (1 entry)
  Scratch:
    RenderTarget: 15.69 MB (3 entries)
    Texture: 2.01 MB (3 entries)
    Buffer Object: 112.00 KB (3 entries)
Total GPU memory usage:
  18692312 bytes, 17.83 MB (17.78 MB is purgeable)

GraphicBufferAllocator buffers:
        Handle |        Size |     W (Stride) x H | Layers |   Format |      Usage | Requestor
0x7c5064befcd0 |     unknown | 1080 (   0) x 1920 |      1 |        1 | 0x     b00 | VRI[MainActivity]#3(BLAST Consumer)3
0x7c5064bf0030 |     unknown | 1080 (   0) x 1920 |      1 |        1 | 0x     b00 | VRI[MainActivity]#3(BLAST Consumer)3
0x7c5064bf0150 |     unknown | 1080 (   0) x 1920 |      1 |        1 | 0x     b00 | VRI[MainActivity]#3(BLAST Consumer)3
Total allocated by GraphicBufferAllocator (estimate): 0.00 KB
GoldfishAllocator::dumpDebugInfo is not implemented
Profile data in ms:

	com.pocketengineer.app/com.pocketengineer.app.MainActivity/android.view.ViewRootImpl@109f10c (visibility=0)
Window: com.pocketengineer.app/com.pocketengineer.app.MainActivity
Stats since: 868252026090ns
Total frames rendered: 240
Janky frames: 6 (2.50%)
Janky frames (legacy): 182 (75.83%)
50th percentile: 31ms
90th percentile: 32ms
95th percentile: 34ms
99th percentile: 48ms
Number Missed Vsync: 0
Number High input latency: 468
Number Slow UI thread: 0
Number Slow bitmap uploads: 0
Number Slow issue draw commands: 6
Number Frame deadline missed: 6
Number Frame deadline missed (legacy): 6
HISTOGRAM: 5ms=0 6ms=0 7ms=0 8ms=0 9ms=0 10ms=0 11ms=0 12ms=0 13ms=0 14ms=0 15ms=0 16ms=0 17ms=1 18ms=1 19ms=1 20ms=0 21ms=0 22ms=1 23ms=2 24ms=3 25ms=7 26ms=3 27ms=5 28ms=23 29ms=27 30ms=39 31ms=38 32ms=69 34ms=11 36ms=6 38ms=0 40ms=0 42ms=0 44ms=0 46ms=0 48ms=1 53ms=0 57ms=0 61ms=0 65ms=0 69ms=0 73ms=0 77ms=0 81ms=0 85ms=0 89ms=0 93ms=0 97ms=0 101ms=0 105ms=0 109ms=0 113ms=0 117ms=0 121ms=0 125ms=0 129ms=0 133ms=0 150ms=0 200ms=2 250ms=0 300ms=0 350ms=0 400ms=0 450ms=0 500ms=0 550ms=0 600ms=0 650ms=0 700ms=0 750ms=0 800ms=0 850ms=0 900ms=0 950ms=0 1000ms=0 1050ms=0 1100ms=0 1150ms=0 1200ms=0 1250ms=0 1300ms=0 1350ms=0 1400ms=0 1450ms=0 1500ms=0 1550ms=0 1600ms=0 1650ms=0 1700ms=0 1750ms=0 1800ms=0 1850ms=0 1900ms=0 1950ms=0 2000ms=0 2050ms=0 2100ms=0 2150ms=0 2200ms=0 2250ms=0 2300ms=0 2350ms=0 2400ms=0 2450ms=0 2500ms=0 2550ms=0 2600ms=0 2650ms=0 2700ms=0 2750ms=0 2800ms=0 2850ms=0 2900ms=0 2950ms=0 3000ms=0 3050ms=0 3100ms=0 3150ms=0 3200ms=0 3250ms=0 3300ms=0 3350ms=0 3400ms=0 3450ms=0 3500ms=0 3550ms=0 3600ms=0 3650ms=0 3700ms=0 3750ms=0 3800ms=0 3850ms=0 3900ms=0 3950ms=0 4000ms=0 4050ms=0 4100ms=0 4150ms=0 4200ms=0 4250ms=0 4300ms=0 4350ms=0 4400ms=0 4450ms=0 4500ms=0 4550ms=0 4600ms=0 4650ms=0 4700ms=0 4750ms=0 4800ms=0 4850ms=0 4900ms=0 4950ms=0
50th gpu percentile: 15ms
90th gpu percentile: 18ms
95th gpu percentile: 18ms
99th gpu percentile: 19ms
GPU HISTOGRAM: 1ms=0 2ms=0 3ms=0 4ms=4 5ms=1 6ms=5 7ms=6 8ms=4 9ms=8 10ms=3 11ms=15 12ms=10 13ms=28 14ms=31 15ms=40 16ms=18 17ms=25 18ms=33 19ms=9 20ms=0 21ms=0 22ms=0 23ms=0 24ms=0 25ms=0 4950ms=0



---PROFILEDATA---
Flags,FrameTimelineVsyncId,IntendedVsync,Vsync,InputEventId,HandleInputStart,AnimationStart,PerformTraversalsStart,DrawStart,FrameDeadline,FrameInterval,FrameStartTime,SyncQueued,SyncStart,IssueDrawCommandsStart,SwapBuffers,FrameCompleted,DequeueBufferDuration,QueueBufferDuration,GpuCompleted,SwapBuffersCompleted,DisplayPresentTime,CommandSubmissionCompleted,
0,121293,870335122334,870335122334,-545111232,870335303804,870335652995,870336789329,870336819508,870385122332,870335301696,16666666,870336929523,870337620027,870337644437,870350774939,870368547223,4060941,86920,870368547223,870355219661,0,870350774939,
0,121308,870351789000,870351789000,-189860305,870351983498,870352410132,870352955583,870352989167,870401788998,870351981219,16666666,870353151589,870355262296,870355299614,870370550030,870385231119,3944,158307,870385231119,870371073135,0,870370550030,
0,121323,870368455666,870368455666,-789143432,870368654942,870369001601,870369597093,870369620062,870418455664,870368653372,16666666,870369730194,870371120988,870371158174,870388310441,870401957950,3095,150725,870401957950,870388762095,0,870388310441,
0,121338,870385122332,870385122332,-792862604,870385293854,870385621398,870386367056,870386389701,870435122330,870385292239,16666666,870386501765,870388798149,870388825364,870405868127,870418592813,2396,124143,870418592813,870406265724,0,870405868127,
0,121353,870401788998,870401788998,-378122257,870402008632,870402439961,870403354508,870403384112,870451788996,870402007214,16666666,870403525782,870406301567,870406326959,870422455689,870435253025,2650,106038,870435253025,870422861171,0,870422455689,
0,121368,870418455664,870418455664,-88798494,870418651256,870418660870,870419845178,870419878153,870468455662,870418648990,16666666,870420077011,870422895623,870422920154,870438024857,870451891058,2382,108552,870451891058,870438452385,0,870438024857,
0,121383,870435122330,870435122330,0,870435312128,870435312428,870436731317,870436764596,870485122328,870435310552,16666666,870436895020,870438504353,870438525181,870451809744,870468549458,4697478,83166,870468549458,870456958537,0,870451809744,
0,121398,870451788996,870451788996,-556411876,870451948824,870452234440,870456897376,870456974081,870501788994,870451946600,16666666,870457127058,870457161409,870457188532,870471121706,870485013267,4326,174741,870485013267,870471659282,0,870471121706,
0,121413,870468455662,870468455662,-112384730,870468629557,870469037356,870469930955,870469965434,870518455660,870468628090,16666666,870470121348,870471718269,870471758496,870484699742,870501891719,4395567,108099,870501891719,870489501451,0,870484699742,
0,121428,870485122328,870485122328,-992222152,870485246480,870485536653,870485955652,870485977844,870535122326,870485244424,16666666,870486083583,870489555291,870489615576,870503078663,870517468153,2191,176174,870517468153,870503559297,0,870503078663,
0,121443,870501788994,870501788994,-727769240,870502000541,870502315511,870502680280,870502703316,870551788992,870501999107,16666666,870502822138,870503603311,870503630135,870517046657,870535218251,3793419,200254,870535218251,870521364198,0,870517046657,
0,121458,870518455660,870518455660,-357512186,870518706772,870519271246,870519734530,870519766634,870568455658,870518704049,16666666,870519920883,870521416677,870521474529,870536349917,870550964258,2022,142581,870550964258,870536745064,0,870536349917,
0,121473,870535122326,870535122326,-844894798,870535298163,870535677195,870536290583,870536311274,870585122324,870535296384,16666666,870536411161,870536769423,870536790867,870550378908,870568578859,4521696,298658,870568578859,870555571458,0,870550378908,
0,121488,870551788992,870551788992,-695589593,870552036191,870552649888,870553217346,870553272908,870601788990,870552034552,16666666,870553486765,870555611037,870555651337,870569582950,870584738426,3266,185729,870584738426,870570200735,0,870569582950,
0,121503,870568455658,870568455658,-331587457,870568690765,870569001387,870570134008,870570160632,870618455656,870568689250,16666666,870570275848,870570295268,870570321042,870584438073,870601974718,4555716,86006,870601974718,870589360642,0,870584438073,
0,121518,870585122324,870585122324,-85442223,870585325161,870585961965,870586296866,870586319062,870635122322,870585323510,16666666,870586423998,870589399204,870589439544,870606505749,870618609507,3367,132680,870618609507,870606965962,0,870606505749,
0,121533,870601788990,870601788990,-616177579,870602022178,870602437437,870603189377,870603212455,870651788988,870602019907,16666666,870603323871,870607007886,870607040227,870622590477,870635227345,3339,164668,870635227345,870623112206,0,870622590477,
0,121548,870618455656,870618455656,-372643017,870618661138,870619038750,870619419352,870619443730,870668455654,870618658964,16666666,870619578633,870623149074,870623174569,870636442733,870651342649,4500,160801,870651342649,870637072565,0,870636442733,
0,121563,870635122322,870635122322,-447916113,870635298141,870635666416,870636863156,870636894087,870685122320,870635296796,16666666,870637074244,870637116185,870637158825,870651016107,870668539206,4406890,98833,870668539206,870655812607,0,870651016107,
0,121578,870651788988,870651788988,-852173286,870651945990,870652315084,870652779554,870652802437,870701788986,870651943712,16666666,870653015562,870655852393,870655889506,870668361555,870685250560,4868668,95180,870685250560,870673627434,0,870668361555,
0,121593,870668455654,870668455654,-246662533,870668618507,870669002978,870669339940,870669366894,870718455652,870668616729,16666666,870669474116,870673677273,870673715733,870686719588,870700701920,2347,112078,870700701920,870687140734,0,870686719588,
0,121608,870685122320,870685122320,-967329921,870685387136,870686155374,870686496539,870686522534,870735122318,870685385910,16666666,870686645457,870687162963,870687183494,870700360865,870718573540,3735552,107744,870718573540,870704495427,0,870700360865,
0,121623,870701788986,870701788986,-87578373,870701997867,870702371043,870702794356,870702822351,870751788984,870701996241,16666666,870702936996,870704536957,870704573778,870718623216,870735219168,5581798,148888,870735219168,870724712049,0,870718623216,
0,121638,870718455652,870718455652,-1038043035,870718614554,870719116885,870719818051,870719844216,870768455650,870718612343,16666666,870719991543,870724737105,870724767738,870738281746,870751888236,2508,123358,870751888236,870738700176,0,870738281746,
0,121653,870735122318,870735122318,-153309490,870735302078,870735678786,870736453615,870736477210,870785122316,870735300382,16666666,870736594994,870738735026,870738758330,870751751467,870768576554,4283794,90964,870768576554,870756479257,0,870751751467,
0,121668,870751788984,870751788984,-285056986,870751956527,870752339296,870752777636,870752805464,870801788982,870751954873,16666666,870752967493,870756523159,870756565974,870770794477,870785053148,3103,99435,870785053148,870771273293,0,870770794477,
0,121683,870768455650,870768455650,-102851413,870768674362,870768689487,870769863434,870769891856,870818455648,870768672004,16666666,870770020724,870771302780,870771328906,870784699418,870801876354,4085455,116234,870801876354,870789226680,0,870784699418,
0,121698,870785122316,870785122316,0,870785287974,870785288423,870786009516,870786059687,870835122314,870785286375,16666666,870786188675,870789271279,870789311285,870803107785,870817675627,2617,92809,870817675627,870803507970,0,870803107785,
0,121713,870801788982,870801788982,-874025367,870802043552,870802409568,870802732598,870802759308,870851788980,870802042681,16666666,870802865918,870803541864,870803583986,870817301002,870835212333,6470995,104278,870835212333,870824208781,0,870817301002,
0,121728,870818455648,870818455648,-136230251,870818672793,870819110870,870819619204,870819650043,870868455646,870818670631,16666666,870819764914,870824249234,870824284523,870838404331,870851900496,4211,148042,870851900496,870838959240,0,870838404331,
0,121743,870835122314,870835122314,-227746392,870835266511,870835679613,870836025170,870836050372,870885122312,870835264518,16666666,870836168475,870839018819,870839087802,870852790018,870868245969,3112,418994,870868245969,870853479671,0,870852790018,
0,121758,870851788980,870851788980,-714280133,870851961786,870852373035,870853424353,870853453497,870901788978,870851959421,16666666,870853605655,870853628418,870853655247,870867869541,870885223099,4143551,121410,870885223099,870872464182,0,870867869541,
0,121773,870868455646,870868455646,-962277115,870868624587,870869026698,870869376652,870869404819,870918455644,870868622214,16666666,870869526052,870872517540,870872556433,870886202702,870901311788,4364,179913,870901311788,870886659485,0,870886202702,
0,121788,870885122312,870885122312,-34996984,870885341213,870885885141,870886791475,870886817049,870935122310,870885338478,16666666,870886950693,870886971938,870886999964,870900844043,870918582181,6512209,117340,870918582181,870907885186,0,870900844043,
0,121803,870901788978,870901788978,-210514420,870901976229,870902409096,870902823259,870902851466,870951788976,870901973655,16666666,870902972926,870907935644,870907967189,870922237418,870935245259,2515,112293,870935245259,870922625590,0,870922237418,
0,121818,870918455644,870918455644,-628286442,870918625728,870919012064,870919822734,870919849732,870968455642,870918624281,16666666,870920053273,870922653949,870922674024,870937163605,870951741065,3645,107304,870951741065,870937622426,0,870937163605,
0,121833,870935122310,870935122310,-259158209,870935464013,870936046592,870936395796,870936420800,870985122308,870935462756,16666666,870936528580,870937660031,870937686332,870951410835,870968528445,3877917,100438,870968528445,870955681537,0,870951410835,
0,121848,870951788976,870951788976,-747269260,870951961086,870952309321,870953022452,870953053460,871001788974,870951958704,16666666,870953159666,870955722757,870955764717,870969845241,870983871087,2960,93309,870983871087,870970268208,0,870969845241,
0,121863,870968455642,870968455642,-128483140,870968586236,870968865550,870969229267,870969257889,871018455640,870968583836,16666666,870969399424,870970302173,870970328391,870983554814,871001910247,4125118,94974,871001910247,870988063648,0,870983554814,
0,121878,870985122308,870985122308,-282029691,870985308041,870985667401,870986150881,870986174106,871035122306,870985305953,16666666,870986279606,870988100413,870988134151,871001515277,871018584964,4454491,140247,871018584964,871006467459,0,871001515277,
0,121893,871001788974,871001788974,-928354047,871002036987,871002384452,871003277034,871003309140,871051788972,871002034578,16666666,871003459435,871006507301,871006539715,871020484527,871035245089,1888,94698,871035245089,871020964700,0,871020484527,
0,121908,871018455640,871018455640,-635403327,871018722407,871019165341,871019923080,871019954522,871068455638,871018719996,16666666,871020132275,871020991491,871021032202,871035640702,871051901852,6101943,111497,871051901852,871042183129,0,871035640702,
0,121923,871035122306,871035122306,-668712484,871036070183,871036444878,871037352511,871037396033,871085122304,871036068386,16666666,871037629235,871042217145,871042251144,871055720006,871068583271,2229,137321,871068583271,871056142464,0,871055720006,
0,121938,871051788972,871051788972,-210536240,871051965463,871052320251,871053155931,871053233435,871101788970,871051962903,16666666,871053359500,871056173322,871056192754,871070183076,871084800679,2607,130762,871084800679,871070649341,0,871070183076,
0,121953,871068455638,871068455638,-38243423,871068630966,871068971659,871070078026,871070102558,871118455636,871068628610,16666666,871070219136,871070678096,871070699565,871084487455,871101868863,4468148,89936,871101868863,871089333019,0,871084487455,
0,121968,871085122304,871085122304,-190846904,871085265665,871085602598,871086419329,871086443404,871135122302,871085263382,16666666,871086551751,871089370433,871089401587,871103742603,871118586349,4204,155676,871118586349,871104323128,0,871103742603,
0,121983,871101788970,871101788970,-769944884,871102095141,871102581468,871103358303,871103381710,871151788968,871102093254,16666666,871103501511,871104367814,871104394886,871118287989,871135262722,4586765,158963,871135262722,871123381236,0,871118287989,
0,121998,871118455636,871118455636,-685781668,871118626982,871118636519,871119234657,871119258086,871168455634,871118625029,16666666,871119365727,871123435176,871123486814,871137980258,871151894250,2129,176256,871151894250,871138501378,0,871137980258,
0,122013,871135122302,871135122302,0,871135294997,871135295625,871136170191,871136196196,871185122300,871135293045,16666666,871136322865,871138531060,871138555574,871152800852,871167831621,4913,199295,871167831621,871153364974,0,871152800852,
0,122028,871151788968,871151788968,-438050268,871151923833,871152305977,871152949865,871152979267,871201788966,871151921374,16666666,871153082090,871153396186,871153422356,871167399065,871185258607,4414988,150959,871185258607,871172318620,0,871167399065,
0,122043,871168455634,871168455634,-603860668,871168634427,871169031538,871169947276,871169984918,871218455632,871168631953,16666666,871170117073,871172357497,871172392798,871186165840,871201632226,2317,102833,871201632226,871186614910,0,871186165840,
0,122058,871185122300,871185122300,-156478176,871185466410,871185810902,871186869099,871186892148,871235122298,871185464633,16666666,871187006332,871187021563,871187042326,871201290210,871218548633,3819917,113285,871218548633,871205542149,0,871201290210,
0,122073,871201788966,871201788966,-125206974,871201938045,871202281964,871202961734,871203000431,871251788964,871201936039,16666666,871203125995,871205603672,871205651562,871220116041,871235232095,5146,162947,871235232095,871220689455,0,871220116041,
0,122088,871218455632,871218455632,-947758758,871218611654,871218935433,871220102675,871220143496,871268455630,871218609757,16666666,871220325049,871220734873,871220776051,871234938245,871251910069,6374394,164127,871251910069,871241770967,0,871234938245,
0,122103,871235122298,871235122298,-294790164,871235269026,871235623922,871241282456,871241308309,871285122296,871235266996,16666666,871241462104,871241794551,871241814712,871255626783,871268574573,2562,130553,871268574573,871256114514,0,871255626783,
0,122118,871251788964,871251788964,-1063339852,871251974204,871252794490,871253665534,871253692377,871301788962,871251971905,16666666,871253817322,871256145294,871256165546,871271115892,871285269770,2417,83255,871285269770,871271495765,0,871271115892,
0,122133,871268455630,871268455630,-409828578,871268653484,871269132284,871270078913,871270123763,871318455628,871268651795,16666666,871270275394,871271524464,871271547908,871285159918,871301942129,3803319,110064,871301942129,871289517458,0,871285159918,
0,122148,871285122296,871285122296,-736140980,871285269617,871285677471,871286091889,871286113171,871335122294,871285266902,16666666,871286220479,871289586760,871289636680,871303531728,871318374912,4278,142545,871318374912,871304093068,0,871303531728,
0,122163,871301788962,871301788962,-565033910,871301964747,871302298989,871302879543,871302901468,871351788960,871301963045,16666666,871303003173,871304139610,871304199403,871318056388,871335211447,5653487,102283,871335211447,871324084367,0,871318056388,
0,122178,871318455628,871318455628,-867083504,871318610807,871318902226,871319373197,871319395842,871368455626,871318608622,16666666,871319504345,871324126928,871324168136,871337775396,871351888040,3505,108522,871351888040,871338222194,0,871337775396,
0,122193,871335122294,871335122294,-426319288,871335287242,871335690874,871336594811,871336615854,871385122292,871335285138,16666666,871336745026,871338268673,871338296907,871352046924,871368566205,3269042,115464,871368566205,871355774935,0,871352046924,
0,122208,871351788960,871351788960,-1038247588,871351929123,871352512507,871352883068,871352909685,871401788958,871351926896,16666666,871353012417,871355808984,871355842091,871369304795,871383252384,119295,84601,871383252384,871369824023,0,871369304795,
0,122223,871368455626,871368455626,-631803156,871368596297,871369031589,871369381186,871369405133,871418455624,871368594289,16666666,871369513829,871369846909,871369867257,871382918318,871400596714,3741183,100359,871400596714,871387056713,0,871382918318,
0,122238,871385122292,871385122292,-729354552,871385280458,871385727278,871386233461,871386277203,871435122290,871385278587,16666666,871386413262,871387088913,871387120043,871400259885,871417924052,3818342,109610,871417924052,871404472262,0,871400259885,
0,122253,871401788958,871401788958,-30935077,871401977021,871402389813,871402756189,871402778012,871451788956,871401975121,16666666,871402880623,871404508714,871404534103,871417618082,871435229067,4250729,93819,871435229067,871422239623,0,871417618082,
0,122268,871418455624,871418455624,-376130099,871418600619,871418980877,871419304529,871419329053,871468455622,871418599177,16666666,871419434628,871422277257,871422317194,871435817546,871450630855,81857,89267,871450630855,871436550248,0,871435817546,
0,122283,871435122290,871435122290,-130532098,871435295310,871435706849,871436141790,871436164203,871485122288,871435293206,16666666,871436265335,871436582987,871436606092,871450330113,871468544839,3967738,106627,871468544839,871454676675,0,871450330113,
0,122298,871451788956,871451788956,-938091935,871452034394,871452482442,871452888598,871452919964,871501788954,871452020015,16666666,871453042360,871454721203,871454779391,871468984493,871485227151,6132172,105344,871485227151,871475525352,0,871468984493,
0,122313,871468455622,871468455622,-53519080,871468592667,871468601831,871469433499,871469455688,871518455620,871468590701,16666666,871469572974,871475580080,871475619084,871491838672,871501883855,2197,112225,871501883855,871492251482,0,871491838672,
0,122328,871485122288,871485122288,0,871485272717,871485273277,871486211033,871486238115,871535122286,871485270789,16666666,871486356946,871492285063,871492307010,871506220428,871518575711,2923,133756,871518575711,871506658185,0,871506220428,
0,122343,871501788954,871501788954,-452932750,871501935233,871501983352,871502333399,871502362534,871551788952,871501932981,16666666,871502466160,871506696875,871506722514,871520696735,871535235039,2071,166200,871535235039,871521240653,0,871520696735,
0,122373,871535122286,871535122286,-932539456,871535294872,871535640743,871535971791,871535994932,871568455618,871535293033,16666666,871536114165,871536131543,871536152860,871549613075,871552926628,2233,119720,871552926628,871550032913,0,871549613075,
0,122388,871551788952,871551788952,-484979749,871551959102,871552336466,871552824211,871552848005,871585122284,871551957195,16666666,871552967930,871553004878,871553036455,871568064868,871571775049,2076,96754,871571775049,871568426443,0,871568064868,
0,122403,871568455618,871568455618,-451886665,871568582520,871568875754,871569266197,871569285795,871601788950,871568580849,16666666,871569395472,871569413360,871569441794,871583219629,871586989179,2214,230855,871586989179,871583712396,0,871583219629,
0,122418,871585122284,871585122284,-343722645,871585385288,871585863876,871586454862,871586494126,871618455616,871585383418,16666666,871586698185,871586725121,871586761363,871601474453,871617720349,3400,240125,871617720349,871602030323,0,871601474453,
0,122432,871601788950,871601788950,-417860087,871601960170,871602341687,871602744336,871602768063,871635122282,871601957998,16666666,871602899444,871602922621,871602954031,871617384398,871635262634,3573495,94330,871635262634,871621351715,0,871617384398,
0,122447,871618455616,871618455616,-392839426,871618653495,871619029582,871619805297,871619825931,871668455614,871618651867,16666666,871619925405,871621384182,871621413720,871635322864,871651891060,3794701,111847,871651891060,871639598952,0,871635322864,
0,122462,871635122282,871635122282,-450832466,871635317637,871635804589,871636292929,871636322264,871685122280,871635315444,16666666,871636450902,871639641358,871639672170,871653582669,871667878337,2757,87639,871667878337,871653973020,0,871653582669,
0,122477,871651788948,871651788948,-121502585,871651961985,871652355643,871653012843,871653033888,871701788946,871651960351,16666666,871653142319,871653997249,871654016768,871667584621,871685235499,4266603,87506,871685235499,871672201464,0,871667584621,
0,122492,871668455614,871668455614,-1056687381,871668603374,871668909483,871669233779,871669251936,871718455612,871668601466,16666666,871669364528,871672243115,871672277509,871686933621,871701192361,2491,153675,871701192361,871687379334,0,871686933621,
0,122507,871685122280,871685122280,-315722245,871685470302,871685902266,871686644606,871686665770,871735122278,871685469102,16666666,871686773115,871687401300,871687421725,871700870810,871718541717,3903865,89469,871718541717,871705155472,0,871700870810,
0,122522,871701788946,871701788946,-26707334,871701938933,871702282093,871702662984,871702684222,871751788944,871701936912,16666666,871702787644,871705197480,871705229337,871722989193,871735232672,2201,103413,871735232672,871723373827,0,871722989193,
0,122537,871718455612,871718455612,-36988869,871718623399,871719165466,871719790257,871719816585,871768455610,871718621965,16666666,871719928605,871723405364,871723427037,871737749773,871751897199,3390,109758,871751897199,871738172778,0,871737749773,
0,122552,871735122278,871735122278,-399731204,871735285512,871735728197,871736549705,871736581850,871785122276,871735283486,16666666,871736688630,871738210904,871738237324,871753197436,871767502880,2152,193456,871767502880,871753719850,0,871753197436,
0,122567,871751788944,871751788944,-965354679,871751961710,871752454694,871753045440,871753075508,871801788942,871751959793,16666666,871753214365,871753742297,871753766317,871767204029,871785240053,4998752,92543,871785240053,871772595432,0,871767204029,
0,122582,871768455610,871768455610,-235236393,871768658426,871769137165,871769569098,871769605778,871818455608,871768655252,16666666,871769769411,871772636161,871772667761,871787324735,871801613162,2793,137872,871801613162,871787702884,0,871787324735,
0,122597,871785122276,871785122276,-62295182,871785406649,871786030146,871786391980,871786413958,871835122274,871785405565,16666666,871786546110,871787738019,871787761909,871801199648,871818539149,3679850,104464,871818539149,871805353584,0,871801199648,
0,122612,871801788942,871801788942,-252026626,871801925857,871802272449,871802943752,871802964290,871851788940,871801923074,16666666,871803064357,871805401279,871805443058,871819046287,871833517036,33093,160480,871833517036,871819701938,0,871819046287,
0,122627,871818455608,871818455608,-385668140,871818637879,871818977694,871819776948,871819799203,871868455606,871818636637,16666666,871819912583,871819930549,871819956798,871833219243,871851320002,3797709,98308,871851320002,871837381191,0,871833219243,
0,122642,871835122274,871835122274,-251405871,871835276518,871835285177,871836037458,871836060874,871885122272,871835274087,16666666,871836320061,871837417889,871837446103,871850566475,871868539144,3866097,108959,871868539144,871855249077,0,871850566475,
0,122657,871851788940,871851788940,0,871851956558,871851957223,871852669018,871852696062,871901788938,871851954118,16666666,871852816079,871855292564,871855326333,871868833960,871885211783,5383126,88086,871885211783,871874610508,0,871868833960,
0,122672,871868455606,871868455606,0,871868919630,871868919845,871869425813,871869455327,871918455604,871868918500,16666666,871869599993,871874646609,871874688873,872095942801,872102766331,2567,152423,872102766331,872096577933,0,872095942801,
0,122687,871885122272,871885122272,0,871885263772,871885264010,871885981215,871886001075,872135122262,871885262489,16666666,871886103793,872096618980,872096653484,872111950964,872120736382,2054,119821,872120736382,872112476709,0,872111950964,
0,122701,871901788938,872085122264,0,872096932969,872096933539,872097392765,872097440047,872151788928,872096811826,16666666,872097594708,872112507199,872112531105,872126839486,872135216319,2351,134485,872135216319,872127311796,0,872126839486,
0,122800,872101788930,872101788930,0,872112876646,872112877072,872113225710,872113245812,872168455594,872112875266,16666666,872113340220,872127348659,872127374824,872141075085,872151896755,2347,100865,872151896755,872141477510,0,872141075085,
0,122815,872118455596,872118455596,0,872127542098,872127542547,872127939708,872127965355,872185122260,872127539358,16666666,872128145303,872141510505,872141530604,872154666052,872168299875,2496,108643,872168299875,872155080562,0,872154666052,
0,122830,872135122262,872135122262,0,872141673745,872141674028,872141712652,872141732659,872201788926,872141672354,16666666,872141855214,872155115488,872155138909,872167954207,872185228144,4335132,86760,872185228144,872172695760,0,872167954207,
0,122845,872151788928,872151788928,0,872155240907,872155241308,872155288821,872155314531,872218455592,872155239604,16666666,872155497956,872172736918,872172771896,872186606308,872201613285,2072,96995,872201613285,872187012507,0,872186606308,
0,122860,872168455594,872168455594,0,872172873888,872172874219,872172933883,872172965053,872235122258,872172871430,16666666,872173140506,872187045199,872187070968,872201280236,872218543447,9176225,102944,872218543447,872210854805,0,872201280236,
0,122875,872185122260,872185122260,0,872187164982,872187165343,872187210893,872187234229,872251788924,872187163336,16666666,872187405448,872210898700,872210933197,872226544949,872235251672,2925,136058,872235251672,872227038738,0,872226544949,
0,122890,872201788926,872201788926,0,872211051694,872211051968,872211102438,872211129587,872268455590,872211050593,16666666,872211284320,872227081382,872227116961,872241894724,872251888822,2331,127325,872251888822,872242309160,0,872241894724,
0,122905,872218455592,872218455592,0,872227337062,872227337623,872227384604,872227411012,872285122256,872227334932,16666666,872227575145,872242347692,872242372117,872257190703,872268605964,3392,168421,872268605964,872257715172,0,872257190703,
0,122920,872235122258,872235122258,0,872242543443,872242543761,872242593890,872242617637,872301788922,872242542184,16666666,872242745366,872257760790,872257794004,872274465807,872285242676,2936,139061,872285242676,872274911962,0,872274465807,
0,122935,872251788924,872251788924,0,872258080119,872258080573,872258080804,872258102531,872318455588,872258078929,16666666,872258267040,872274951804,872274979798,872289422484,872301916899,2683,115288,872301916899,872289913189,0,872289422484,
0,122950,872268455590,872268455590,0,872275168374,872275168785,872275517416,872275554002,872335122254,872275166852,16666666,872275693464,872289953152,872289981904,872305342357,872318594627,3206,148581,872318594627,872305852635,0,872305342357,
0,122965,872285122256,872285122256,0,872290113997,872290114360,872290495184,872290527006,872351788920,872290111839,16666666,872290674498,872305898749,872305929990,872319880245,872335219891,2894,86225,872335219891,872320285765,0,872319880245,
0,122980,872301788922,872301788922,0,872306139922,872306140307,872306143216,872306172576,872368455586,872306137805,16666666,872306355848,872320322527,872320346930,872335290890,872351901551,3404732,124532,872351901551,872339209208,0,872335290890,
0,122995,872318455588,872318455588,0,872320435720,872320436167,872320436348,872320468274,872385122252,872320434064,16666666,872320682572,872339250696,872339284623,872353397521,872368567187,4112,109455,872368567187,872353945891,0,872353397521,
0,123010,872335122254,872335122254,0,872339366179,872339366595,872339366816,872339398879,872401788918,872339364417,16666666,872339623728,872353988830,872354019043,872368625028,872385233108,4677001,99427,872385233108,872373855651,0,872368625028,
0,123025,872351788920,872351788920,0,872354116320,872354116641,872354116797,872354145720,872418455584,872354114237,16666666,872354337841,872373898012,872373935477,872388668955,872401895884,2107,109252,872401895884,872389054658,0,872388668955,
0,123040,872368455586,872368455586,0,872374006053,872374006355,872374006512,872374030631,872435122250,872374004924,16666666,872374253616,872389089819,872389113459,872403471320,872418240454,2055,91627,872418240454,872403839345,0,872403471320,
0,123055,872385122252,872385122252,0,872389187309,872389187581,872389187743,872389210027,872451788916,872389186100,16666666,872389360031,872403876584,872403898549,872417907658,872435217707,3938539,95490,872435217707,872422273298,0,872417907658,
0,123070,872401788918,872401788918,0,872403971478,872403971745,872403971912,872404015474,872468455582,872403970332,16666666,872404185831,872422345401,872422389558,872436655512,872451890321,2484,179937,872451890321,872437229975,0,872436655512,
0,123085,872418455584,872418455584,0,872422466764,872422467467,872422467631,872422497061,872485122248,872422465305,16666666,872422746436,872437269503,872437299902,872451897233,872468649504,6418193,95951,872468649504,872458814340,0,872451897233,
0,123100,872435122250,872435122250,0,872437399714,872437400083,872437400275,872437430303,872501788914,872437398097,16666666,872437689380,872458869202,872458911075,872480069456,872485266674,2342,113274,872485266674,872480468094,0,872480069456,
0,123115,872451788916,872451788916,0,872459029685,872459030036,872459030250,872459060740,872518455580,872459027925,16666666,872459280885,872480500797,872480519750,872494189163,872501945192,2332,121198,872501945192,872494603013,0,872494189163,
0,123130,872468455582,872468455582,0,872480593299,872480593566,872480593719,872480614426,872535122246,872480592340,16666666,872480797739,872494640904,872494664907,872513277693,872518782314,2866,130832,872518782314,872513760933,0,872513277693,
0,123145,872485122248,872485122248,0,872494795900,872494796242,872494796391,872494823193,872551788912,872494794050,16666666,872495034083,872513795075,872513818830,872529937368,872535263648,2098,107115,872535263648,872530311578,0,872529937368,
0,123160,872501788914,872501788914,0,872513911364,872513911731,872513911923,872513942053,872568455578,872513909871,16666666,872514164655,872530347241,872530370127,872544309466,872551913966,2136,123768,872551913966,872544715947,0,872544309466,
0,123175,872518455580,872518455580,0,872530449773,872530450087,872530450274,872530476770,872585122244,872530448406,16666666,872530581234,872544747174,872544767404,872560091065,872568592787,2685,119588,872568592787,872560541861,0,872560091065,
---PROFILEDATA---


View hierarchy:

  com.pocketengineer.app/com.pocketengineer.app.MainActivity/android.view.ViewRootImpl@109f10c
  7 views, 15.46 kB of render nodes


Total ViewRootImpl   : 1
Total attached Views : 7
Total RenderNode     : 15.46 kB (used) / 51.12 kB (capacity)

